0124646123234232340622327323340646232215313105440024154310670020175022320221426143055634152576511242
2437240513300425011711515411302746034422631537112110617224644623114623332721436323321542520712722425
2706146517543571544701151742435563605227706767171216412771551657354653664744760156554152552247334447
4736074465476110540745155774556737775546544077111224772726165425076253662476375641600777774717322220
1125723212612406736614336220426744540003020232727026422301423121511425551711116327424322623123346730
7752715452013517164140466345664644540002032632003466247450457251552335551711110631420757663245546155
5275170660665777131466774311777675540006666777076714626116375376664145557171116023371667724666665720
1503542207143420322033247441413023414142132373301044430201636501505362155021745202322127061310202200
3203546350501176640020444351103567466321655641740614204500151300750202135600311316330123725232315225
4436656643726744320010006323446402011000310432427706523713023545331425025552226721323334024244706231
5755565210455365351720003323340646540114456155747000612455667615357350725552226726443331547352354465
7737775776111274777270002666664065360105775645177005776301776755330667755552220070633335775705711772
5651027541113226115117547556100327240401006110710001714735446663334334447717036653730001557006644021
3323767421112336223432637556017453160047010553350055753147756664346554447115765553750001157552356511
6776735721115552164506757576016116574047172625715550077711716664432464441716245667550006667055413770
3027506545352425543425434244057322601122550367200456752312733504213262133524127034126250567720102355
6470101121343230244301312014015310256135411131010660171131075176501500212254441537505612225000411511
6005321120411447700631011106657630112524642401112212116622425010407716546626601000002110504101316331
6667507442655113331447251302256363537565154131111112212156244767044145265150653314040527505401333361
0002377726775450076775273307777375506076163771112121216516466757477143772165053014405057755155556633
1223000743111223612627526113121437224222101317321151110720225044632125512401313426551320114430004646
6710035563533736431336130626327760455411743137157563332733446317641060766314136514414050443340665564
7670336715517174106616706026776055475774721135037767777303775643726776714634347606775666665556060770
2146121045614421540515314030327001325307336145115156475520371375133626233312452252605424332201422133
1241321421353723220723173665200340531432312063447613664540400721022373517062414301264425167721235500
1005761203022221235447776510106663757241623037331422147736237412223101713306425632222544430005551527
0512564655033237567057773651006660357264450433375736147732641747220130060541576512247564330005555145
1557725462553326477077771301016667706040374403776002663336347417775556774550350774446173340005552457
4320101334522642524324455004713503501527105330523357354530221406020433417402623627444732202220434742
6650414651762460543405665054107054455740116505240663252070765253752741034046227364447352003237662265
0774145646077770451557775007703772666307076064505777726117674661741734407702667277775476663234716712
6633033020266031143354404425533443136057116040421377351103621010432513006141401305001503620341303100
5153162322742127036214757143001034004244211734703204034602663033216602521347126323251677130061030301
3215437524731550207714312223324442525503317531206330200402221421212107774430735552102722544031706446
1704055411256315204463644244224445256056601753571162020042224755222137777007565573547661365545564463
3723773705746365526016614423444446666601607136447777774042225075153667773776247775664046773506174664
2006424023725750015152214137731524446024542631302110726032117214422221116435123334305534122443002643
0224353351067362426161123514443502225765645353742121433455256165542221417465623337152343607553445540
2005606716576014147777774557333777771575666624717776555460662705222224440276773335744256777276666771
6021015003307103323652043663117174313742006143021001206532167144306101001553530766525022320203316310
2445473551662374005031312612025646433710345163445733523600230112000007530402203125410216031220341452
4641621114643311130336312217531304021733766411510722322312532323334441616322102336445440226637030205
6645371114461225354600363536467651352663564517757122231437415033555551162534666443357553550132652021
4640441116640306666461771052704227664745775601571073322045745665534546165605772665617473771061443331
0114636023023605116212303250002002231322227544745636664731116420507622222003332736663025042423017223
3440241353443031514612446255053321133655557564446416661253734166153466226224433766676756250023123764
3776774772666601554023553665503026665062526427770776665477372776611706666604342767774616770442036033
3271404113034011354351042316044141227370421444606431721704030352115276601424052075502652010102751275
3031476044057262624044221234260642130112240367205120223006726737504355534410155224310460051333541221
6552710131526454741712632223113113327544406712304541332120735525110702123533325556026713335171115633
5552746743471565563730162553331335117460041763543666641636552521550002115353126565766165556301116650
6661746756050776717003775521113112556355556174155776143066177777777773336661126652577717774221113352
0645132227037353425532221526210006256450124022201112645121720526354443326407641414214124654343400201
4657512553225467744207720652211105206355437554406665240473366413454444247461256021425140537362762207
0653772550776073724777723636611016061776701372046115606336275466464440550773074620400256776776745550
3403433312676370344242510075210350350041105407711231315514541366241071302170000242014046620201014446
4071220130173301062532413750055064032452407742425274303527362015354513222337065635650534720565001011
7445623004426632423130146126665126324117774053315211110122544136336333613425104702736244533650115506
5506253003133363431000254757676052354137770451637301663744357562446761313421502256561755610213424043
0772653030663631774446370336776775163437776661665376616550776272603776633241055745070134066773420541
5116660303502436420336026144640003736723310004732214443003532430275542541230005320715024621215757557
1156660732716340644035257617162022757662706066040514443306065541545747764752224101664174620016317552
5516667376476776200446604771772207252721720666715054445555775236237746516000027667076537772206277573
5103174223321714546352226116514605204144314307727301120420053401000015424111257166435174641610415311
3010301314204421405000770777103654017040701662200277302536235650742712702120412021634421225176044012
7425724023514100006542547434003320324445725741101420611220002221707733342226664116652124431344750636
1755161462543542215266354307665115304443606503643656351331117737543246042226664117503737366755460635
5046726774325771120771467074770255524446176274630375315556667335414016772226664140777177766577677773
3137442622043332376221325556537535504115422334531501113333521210214423740220524417772701423700733555
5764776664163335015353765553762067360646454553512541414443751427651611057441671417773457357132546761
6574742226773336043616075552756756726066624774514214446662174246746626220774335557776146700175177736
1646537754000061061533017256501620507702025006610214120643514214125111446512223445725731366027064552
1730560501110045743203050366151724513502067010404131500023047067021121041147040703074300232650213027
6103332214713437557730000603542413431117232226434056533610301074225444236752124402204313406746666602
0553332116255757663330007663654351544647662224764766507710303253436555535664656004457140234666670632
6613335553201477007730007700645661506644412221376750366300336244114664665775646465663774247747773031
4026352025555331730003435112213002127774736602115322325323334542407634727335721403324530424435427431
1765400745555356060777240756713507157773156702123535144653334454207521355162504112324342333435142760
6376777475553354757707270776775535707775477704445224350463334556666156006757700046663550447775216013
3760011226626576120111144060243027022450235656453023707102413014446273642141026435205765614310043022
