1510465203114651243402236740403305061012305165445302026666637343214057613344460040223054072000103762
0136250540003342751422305656625135763323324343535456611722330727013422624445112625526661115557320004
5765627560003441063503141152134547563120442766526333132742232557224572264444547661446661117753701111
6747776170006666756774551663160775760012776706776460604176664470176016624443037275126661115777020104
6541721014634320432704730007545727131430130207711043211317323724341110005024632734707027752127025021
1140352766425172556362510443567105666352532751661251323045735353343310045204763765666361761336351763
5065376276236404665716004406725434275465665777006732134775121725553314446663076725373171565554176574
1207104012632051450304037511131122443034353066015357547044531230220253612520735331553345145041231157
2532350220033211500057415160557560161737043262121357021025130173132027016074554206362251101415511020
6735201327513617021113023313111327010133000005246155644107730514120220333305553333620114307777324225
4063657057110554514446711133314751037653632226701151701100245761334450735305555554340334507771746461
5276776445573166331146471134446703776476600023215666574044136712405777070555555336625555537774230775
2722012645142221007101536233443311206641715004040203213123322307621026131322023112210434436332322433
7272016455766623414415735605320166544007711516252702640430646110264753446261147364142152517167444730
2276665776272664340771774775256775367771715015262774364554263620776336613774776706666745664747737727
5275220163411031637003670446162210311425426104726420404622463010472532401031146605011324435302754443
3253625473640066046503366130514500322051025702110163151167474255020141420746470127612662172204541627
5445045745631426552210001572114211724717556212002424016617773714523337505732221113416424034444200104
4554256727064215553410112203120436461446442700221455515017776554653330153567441112456307354743020110
5441776351575556663401106433323664277716776714445774660657776726263337716714771115661775747774437777
1105431630441055122214514444435110425647164027540315012453364626534626124444430532224242530441214413
0014721346335364370153544444735757155125567516215531356313664240460253767660556422222615446061224117
3335374666776776055772774447377176336771775370331223776777772661775640747673665642226771777775555557
3201232435112200134033065331163310020041327705676152031276315526415205243076620711433622055456604233
0103212023641213056655473150051224126373413701123333620770405104061330531065232034367424001665246456
6732224440233331216630322102442422220110702224734633335020007653434720173013622401114010000304443044
4265254460233661225651740512755243332337072226245504541350003565451452546466236241771641013224746561
1742556667776362112234375257575546662777002226174634553660007376666306234770603367170660113027775771
4233325213523337441521113332245620434026552005550421211052555001513436221207123312747743502635212514
6767441022323554747461553330460764165310601117555402111563767550447431551023451136462554147702047062
4702715665355357746705513336771736775777770227775521226776717075057741666666103117722745776554156374
5525146013202130624500046614343043221650400121363673164425010716157070472154153755270005643015014434
0015053022357041110756445633310501215213403307003013114120732014403307011435344112544743714301340011
4416710127436441611726034316423534333554316134604034515622430007317532224550234030001436541700007242
5106166644761166116767762233043224346634137064046465340652340224755352725445666040555344762450006153
5777175776320771663051454141635253437773144746602773772060552025043777777775776635505661576230000363
4413407550006306633314556113333441024412222224435500301224377771033744437776332202755640524670002402
0515156410006303365534763333336365347414242553340520431121257775767353757771160625661542333050777352
5774666070007776331516731663337777667172442553342204435556007776575427757777776607276770551227071661
5032713320436151346712023006004545416054621560101115003764433727055406044004110700005372441621704410
1232437406223072400212217033071452422130546052553601510256423343343007114651120462112105273410226205
6046665556616421644721316441324641532613521213434447522223433203535552733525304704446116116763714534
5466665551161754015544037612734665461233201427554443252625544155545555651304343344444342626674502423
5776665551163006770170447177714466776635052441744443076667776771145556375665507704443606217676223550
7525553315625336016217622617531325025332325733325531666532026342426543334744417523743220100006665550
7756445100765350645764152625065674616350305732767727213504343455655763330004112563463117103006665552
2526465661745334610570136116374035646654447006707322776603775624617473337746666076724441773336665553
1402624565342465163111617651510333732501424631032360030262212006370610123243107025310224231134335040
1166034346175747205452424211465446010733426503000152020315543210440742626153020617163541030311260043
6017250707421116410726542615113324427225004637771336554326743026221117763623302525233406421000116545
6552654446161144553666554421112732645650554437775615555017265153351117666710031514176512645013537152
0166717074074441663714460615557722666076666637775666665662743775161116670734446666505460605515506722
0525642321007551727713522603720007330306004327533541406662432227457522426440722212547142327715336551
2350656633105551663133623623760503370007706066460242356662332221450615305625431217664755311225116560
3660647773137777273175063066215557373336765772705775666664242227716474532565172115075715152176667770
0157200440450122535417430144637104354611452143113032731151277201112552521304001224542235400736562255
1653104064031154303756777210412411134432035720173367524501623450602322305464140004413312362715272751
6116433116234430010107000204625125443324321323730003473210204620300736024510403006002532223324100544
1615545037515527146615552747010745542234337547550036254652504356367551337364446037067463222324416355
1661605776743667476017704776755745447772420665373330117605521707770372616700006637676573332320106770
0123336116547134221230722400215742224022221107556122744507732606434214540542120410002422701111136741
7353337662743442245767654027154552225372226646767366760443372646456641250451555541114742024411333462
5373337716577714246474132405277472226102224330700755050553376045020210667777771052227720774146667374
1721121750202147427204653144520604501002651200257174424322341153312525207212073123013612304211737150
4260002130065121503443012302642020021311352242554103022132043022276314702221255220267662666344322231
5225505524747151106010225217020004651322014421421710004443331524517665632765235301731711425522542707
5620507006765223431764040677460074054651421653573035654446663341446665652767250333667110672523763631
5660507721177714777075554536147776600774405606050776654446334505517773367627375507717713552256176720
0001307437212322243332005234405554726724034515311116424421020515746553320300205524025635315326600610
3732236642012321143770001765755557464512755765131113164227533435365567550322206626355764340140001037
7371552177703326667372226577705556010331666375131110772426544516176652072326665627113715155776603667
3123746112546106141063032512577110606515143303303253070215000322462266765363205402260442630044251504
4402272752327310311110011130340631111010416311003701145200530600701022542300240573046414520202132337
5623422721321127313630214730007440002726344222105116324324443043212727554005436023334533616662114322
7161242773650653755657133746067664441405744241404425416156463044034553365447205656764732346661226051
2573552275264737512263277116604676664176755554422055065464666664774176700555743147675704626664441707
7546212125641710533331111425446642220001313323734622200435631117420010104527135523705452020310000637
5662517736150557243441154255441647110001335546143406763746351111745120610172752752466200742320662417
4705601731467075474435555664554111770007774216743167070770601111275251666305447276576777743016606771
1400125502727133071502713635137670300534353707360232651636522324320500137125245212232532601241000233
