2323073153300710270615002224004520044607453630422473103641324013444003021004771531205425254317640242
4334540333547117020006327024142441117022303331725102011422225243622223336632325030705535743633735021
4346654045640065740003763156612545754747653334350112016306763651502224113243553657007761655153733565
6666547776366775410000176447775527750274113335075507776776773466772224144120660660773676376773776776
5732411501115353436222331624214640636007145533537736532227667051251306313226424422331323331020305233
2402121321553354343354760357746743060763347355001131652275504662560137163535057056254053334530335440
5474413521556667775616474770217677777677177730350706137777705746775553775524165276656703336176662530
5240111750000047621115074021551015105003450750264316240240040713044246501415353015001463774122423406
4307161203457013067423704066101341162113402102444100262752100613650411437101300131432312054022401055
4130647204442147146666326337113005011111325422011117207536626436326414544415036222423220725554506122
6247710225755033257764556361111315041225241542311115636625252054554146655514514144756234655554751263
6776557707575776706774603367773014511224350770331114214176117104611661774154776165076361435550777775
4014723422220001113724333531425635327227443427624202437344441432011110111527616632022434652202111113
7164701645520014440444006555525764167761767154503666511254444132601111000536763333504555455452621117
6742070365521117773726666634331706776116716001435775466034445551661113334667113663551776644666161116
2404136725656022500471111021642331411004431300404142242056030201220053465362402314033514034511625123
3650274056763020316110215252035122044211542632500130116532330106714540325351541122223372021424213310
3220001441532225116645451524447520104736317464742524423213210125342544422014645131511213120404515735
7765505157512226650552247405555250000233556557445142116730544762705663662314463761156026654447767207
6310557773772221564066666374547271114276164777475147776075776575741771773446646575156067400006525310
6031404442411602536210202023121013330104457125767335653350630222433312006724445345551112700206663320
1656757470766336061230324112712323331011156451566266555662550624353110021034446645551117720207774201
5773227746741775773063234557733033336666663101777726657774466065775550224554445775551110022027664662
1032333460012670322420403307035511421063454205257360131102033233217112161126011217252760223001120132
3346216403173466603043020430231730432236332724504472053441151040610172431701151200505410303323251261
6413436437446731112113624020310422000007414510416552414107717320307756731111514441325555542312555544
2054334253354107173305105712545373230300741440145661023250016763707553763330544444055557603266336366
5643445605176757172666776336706515553330715516665564405661701057737551177774774446475556376776770772
3011113616663426214632225031220524642322540302413530402613311622301626047217557035552435445743330623
5441113646660657564366225707551435764437314331025760446521653554655732350767554545552347756504545431
3511114166667610751776663777175772570046024404406077775015064601770477166127755735556664576724557613
1702406021030621220112343272612401607452434020521662000331112346214463205203663012114547125421522264
3102127565742330440231351302242306346250117205325172252245503100710103010477111474535142630404413260
5120735434325737024336662213134406535017047745652622314643013633333236513535237052244320000004537771
4425535633467605253437771711317557465104663547562627317727461643332651005332237256454326446667437770
1557700466776140774437667277777071277777075107676262776556474613335166655535357206564324660065077773
0005246663424526221602537302224236665657421117557113335420623632527525756113435322212030700514100725
4047756663740437605653243302250766665653451615661713354153030446257053356164761132215230001760411760
4404276667723527074144507075556746666655716667671775552776626775661333777776715521115777776751406442
2554021503071166702620126513706517611256011212203471162320013155733162143552341326011162501224446040
6455165743475756143255230353315144763550650723411251264001142053114735305012514451406364102715322005
7243327436720304211716442445720002222022026634031215206661112723275520203002226441426515727540220005
3567250267100334214462623066500002327154641332571221566661143734150442023532224465667166045163630035
6575706756430306666077776776720003335710666116155556776664442736205200020552224660777571636476603331
3330604202222011002315540004524327715601016665337253524700520005435131410316055042701311431314640121
3770334362334210613021600056215171760053556666566560440746500067662031414305446625365303453314767563
7373666773234776611771465555646040606563776662777273150746266660175664414410665776715665663117766574
3515422514363100234104446036064276500020767252260065276123723550250100060161234161500567323041127504
6060701221301430421425420616511003157031021040122347305264021457733013254023203316214664761005332311
4505413741435002102515314431322224636544542032025216055200407635553114446221326557773433523401306005
3610145767714543545525337354752777615314445660423666500220047155550434446760456327774340715341346603
6775506524370545771001157750662774074065554770445777775054046045550444447726071777775556745664770603
0201216521215057534120316111115653336413422424333610113740007442727412114541102623555430123203017736
2027253053227465261336133343630363347205452447343610016460006735554415447513033607323506453307353770
6665702363136176074426774063663774446733772247470602223770006737277170257716663777274505362205713332
0674225735272032724015106434102527106146742732760363346460176721102071371744230604656713161266655624
4542577255227577616023706306540307603205562211176503133112101611320014347375041007013036404672630320
0723337430131217771115523320503632641432404441431017025440001337422711405636436633525621104236422315
3236662314252117771155225527554706242234224460452236565440001043155660144456213333651704223247200430
7077774705661227775555221777076472464414006665773554715450004776015277771364033661063444660666471423
2014211316523540605212611112141617622726252326221205725512222523012012007754173512214550707747776336
4336604642504317666256011330451163364762065136043445016014245440131704231756250033137661014667772650
4664213606065150776612773135666617726145775156403776436772442547772774341153025510777477177227775444
2422023304104344142323531370355521465722534264003360625202244075451403461432676322233503301705574003
1102711474257712305204533201063503530270424325535403401241533065111233222402227006106111231133517036
6226345437114440200410103214722223411420004102401325143534624405226753332225510401140603011432326300
2264327561724776267510014434212226556575056142450345416052244603357413332442221411645555546723230637
6262666077224777775740110553732224623010550665664776660666640666666523334241150416466604666756667770
1623004133524334722224120012740505121413402721202745732327407736514626551007207702326234042501201343
5646446057321136742223462125540557251113032726544245736632353660151653165514150004336712201662210277
0776365465174146022226775557277777174444042777337272721616113766605240770156337704244575554770016550
2741703211120001607033416002567450714302704724223147213711307130023742313257135740556515522630251423
0573440062063500000653312115532455111165235044313560366374740323144214070001305645044512003164503470
4542422416425336440422214401404446324427323105540324420757225556624547146522217322631625101334431611
0324754110353555363666120407264441531716514760665534222362737571236353656253122035707607752242231115
5775714227315335771771665556744445067726076472771777776473377753166636577773130776474731074667776665
3437740005130302510525447547543026641417233233127531421426553746225423673531512021523324043021117772
4634550001353741504755765261063667515543242445745165703435224351643072250541650200373226763611137777
4667330007777472661746706376572773570334715555476726330556265714776011400546655556542320776773337775
4017315175111342304613224035053045702205714114445360610174115246142024321004322201364634723313554025
