0703124222216705420224654557435341005265340403161552500555132216610452124144131537713507433410511422
5222214222231110411005317040337527325425447551734732222235654441610104602375422655104223707001513332
5765524224031112351707266645757050456616457754343242223746566644654145350156712763131713730704143331
6705114424401115661776747707707026110776565751777272227745656465406664166246575770557740707075543331
3621113331335326654112320007117231105221713016300624527323421641214627636600604533726745736510200105
4157223331650755754331740004042130702251710133034333616751751452127355764046066427315427665302221301
7047273335604477763144730007071777175257717770664610736155705605551402400460605601276757536770003314
3451614037131617615240354212354537220552012353411715507215205174400302231764422274311405323337245545
5011336535215002736213067504102313614735402047331413635165076000622307137104202027521004550371022005
5224236324525734541213633423620004332225644407124700322214542423330427335001434330030126637033751630
5721454051256405754405657150550003742226650000354357555050761137376511656555765713767545704646353257
7575667104776727740425366073620007472223434406405271371666753407375466756606075746776312576726275600
2505234110441325713301721512224646211540013136645540604305515446661513221424722622637030002332442226
2457354110557501554300363334445655705411227554744440061761345456665332232140766233251652222236012332
4777274147776441770446371552246116737774447177764556606754035446660052330556416335664223334446772331
6121333532110222531022343412240623272452260032023534260021144304046533301613121170213342045670005432
2377400212362140650073500620013331236236137356156524577247007200060000312022120133100450300426625551
7302205440220613225143021347412210211421714112510035123537342022433703021112410112014514442535247664
2650607757463135535664030644663540113054747402334645335351665654163557743337210324356764444653457162
4212667456740665233774426777174532207664173730513661257775756066770774137774072336734574443641771711
5332761706547110131134522402411003711200521725144024332437732221247113335621110523111516736133021215
3357562237762264032455347712121313557133024056625116612640642227065546337011612043130056053764641120
5352573170356074146073254331443301773275536345774524613666422226734706666746665547777774727713622122
4425612107151534326355315227420476231104005424242126222522740127612344544441033102112643162062525052
1006300021040715621005132457023461056440430700030600641365127520330055347113050056120601321711312552
5736014333731442501314327335760535642612705551317776524430101527447315226661441525625552623335713336
0650114336661140526337504245662562513025746561137774173051014053367135556663555446257751763371063335
6170663447735555206616712075776776773165245663317770535774443777767002226662662512565775757776573331
6606334001110214333224445252203330626224441110415453620122737137536515644644227420132765507413050000
7006764001176204433235447253203331466264442124257463616366364746637162533050646512756260221441461101
7673774047776165554445557273303333777774442215776712775777727135077576775626603705732770257716771014
2611456671004202426133640603010616327410533606251531006315451205552536611062544314520734065440110450
0656335322120302701175210530201733014734120142732171734444111452420722531015511733161530402215230360
0006233531112515540323331224620321321230202223321512222401107001003670200042000610445652133436022111
0007515241111752761753635155641543542356026622751152225360017220412052006557725650040054750046644424
0006744521117276075746666665777664055666266265175152226776662074141242024660726107770665746662406664
2732636534514443007333614447634445707306640421247321715553642341110743120001512222604444505232220102
2767255465044445302143244441766467553441146354252331715552757056666746356601552221544777266417720000
7361400771504445354704624443556467007074617135777727715551026316117065060666662225367746756777721117
4473301566106122400250555233406303624430112452303352125156247620722361233733540557143364310157701517
1500223076462557460401064113331540733372244626465144042451162542130312210210071330474771140640073013
5506654401721765223730123020001510704413513335136757431222303335741311513501111414300303532723337217
0517000330651764047746455530051514441004343735315644761666616641067751552611115056270035147445551220
1017753403441765664007632775555150775555157776667476737773774646575307777461114771553031544273357177
5012226332212535532500414434533445113230111120721431317621110626220325557327227031326724502226533544
6713630766115042237563256727235357056657747066135534335131112704446635550454642233644405316266530273
6573667706624231516176776705476667705770746276744664410441116772660265555176717704066724772665636517
5405061402711055462230261233757642314361431004502763324045212017455133310410212031012121713400234504
7246373422201023310356065701016513351210273524527125473543235112221343334417360351024653356104247046
6231113316020006422244430720416352421517776235315557003020155424643542215017522214145034424137527431
3441111312630000754003342563767564245657774540755550704575464123763501616603357705753445504536414511
6261116666030003717774336576747375556167775601375557076316775663714776261657720717175501665666075073
1217240057755206662114640211526725225115540737775430554620532112726643234614535002700407713332441351
0627550556246606665053627545436701655511645467773546300174757257334462556045040554754544134642760260
6062747776102656662773776034300721661156616727772666363551475077327771661603055005415054306647766775
1106600131547032053015163546124626525615212406014765750205471317333457045512001326341512166471700113
7035303114225246120200077702103053035135133104227750003046407154602474713024531645310204245423450320
6627524124024114406527750313360003314331107213623322471116644431117545447431310122426544623336550502
2621063556354110046455570631161111060652024054755405136164465513135067506160036353512623643437765051
2626750777614145550777556617775556775645555471704516001666443771336477704074444174534650314440700506
0312622213513104123622734350004735633322000302544637774422201643306751356352120412113444422523224505
5213630413311022432765653450005660356650023035425217772424422657034760762503353653630632644603745762
3521164661553234310376717770005746062652200037776777772420045047077546576775776776626772665644706711
4204101624101212216056630353325053632434763576372340461062033300301230211034406413204601221242702262
7166660263501076243112014116406000003345247413101245013103660034002261141302367103500007523213601314
6557436747324321022222213356615247422746663120206142306345557437774737434306021101333544602434431132
6560654313750672103330135110707563157246770357754205650265557367776656767216157464641274045402764231
5566716375021555555553446667716736011177675777256772361775556407775474126555776746616100665776374425
4743001541122425311223332112422214444325326644621126352222701440026521747663334426041101111413624225
7470637320746646016343551227726137475010446457262555427277666224724123466773337320452642221146036344
4476635474271165634365533334473604775662354557477776777725146777745466277663331375664261124142770631
1264037322626441017720037113127001032700050125644336003340026110325044234430335042725632037400113647
2742724451130155703644407433421667751004443042145003600412114521741554601072240500707162543102173102
7532214537626663671116733337216666325525444501647660224646702115646751333113301204520201321414421425
3564214533266662151132167753656667413765203153257760027716062325621261446764455656617736304647352410
6074415343716664033330575576076666756175204667007664441677703136245270550375663365307236776615735552
2223051001322320611210630005554441624004534621755424010114112225743636423000005432222227335222610302
5554560017455503447704550075554441260045430151661656146063432331666336133001214125527777445442050530
6666770116005303162074167775554447774407777365770636777770663325376360773031225665527223742545615354
1625261012016067260220021200122546124237001011173431423001206146343020312236201042133311735344607610
