0205600230211353320010635330260200212364105424113164526016647532112224143152003327551517342302724550
2541225556111414721736421447232434464717720724264225447121007115223157216651534212414241113520514116
4151635552221441752761431763155143360761647537263307307341217665002651265666357647666551665342231444
2776635551664116036053607675075667776146035317744665714322027006666776705556166702476771665243155550
4034443113234520725513730000614444240427532124435752020001420523330002225751513312376326036110323630
1664463046166026361533370001624442666613113662755771140203056413364402227572031114053105351165613644
5776664550775644173007370006024447774775073775735574552225776776660442227553253316126770661664706440
2232051442367710500130320207170323222601200101124003335250544024264573714140067461332047400106006334
2101512075611660226203242414360206035644511443333070735541452317355510703330546331141541152237051132
2301427440201477544001711133215546662633220140006343334123204622423507231120315544327656415616222303
6760736761012257543336665651026766674345042370116433331723141404055235664331324215705465340133435642
4756556741226035474047176633033177776624356550117773334774662615662665174423020776117745065364616775
0004633002237324233007533320001164332430111534034446215554433022221541203224511700434730415535625553
0002050031655140767032352432222263446642723132454444625577167452775666134346150015427344166364655554
0005163035636076577371074420207776661777705156714446147776726137273773620776467715773476777773775553
3351034274430452324311201517335224040156071252351172026305161135243014132541405734172311122034416126
0124016330515151042000446120511005632250315015113276403235423204317212044033174446505513011570524456
4735043437001115531110442000320002642113501135432254403305653527325321213732624443012644433432041750
7745147507704743331110047023420046451122645440666565046456005621313252320551336661340552354554257665
3000155740704775351115552774554446252215645351777770555465601367271773137706166444556775666665775174
5333221415442715545723433710551112221117321427547321114405342420105556024215615627775417700106521370
7555136616321223411066763136701122661116715355451051117557654622425563632316153107774657061227400457
3771554465631772776371477176772226261116050667476341117706746644416666203401567447776770664446716226
0650724513320123302121073106400131430742172721775242154143412321132133525170221205552411227017311143
3645145420160644402100420104034225436272412562521400131546400162231117332000460765210601270106661163
2321711622731115643432623435000705146667723537020006333226667223334726533704445513433427066346716610
2231113545066165744621043437057756656662341511550073363506661763333343555764467716114307265653366336
2337770736476166736774614437575052776664307774377776635666661673332773666516667514061552704631771314
5424745223212125634030500727041425640431200717114226526432742520756046221711115320424023312520435430
5141350752301126252753335417665030644663541251172441526707255524655453333323435433345616465762456311
2155377701774446321665506355516745603774535721776666164735412526746776262704434121775644777766715466
3035426762575252556204172407137415620055201217000364230340675332644125046056652351210264500340572343
4524506031405622012073073022575742002770100410063634200164516027000627472311114652341310361667504234
5412221516043035555550001522226330103750722222631411103202222225116755421510000000603125442071323301
7302221557722665555550447512266365524564742554766640105232220001755662450055006606005705454250657664
6222221156551775555550447726667772516272705521746003335772224445777757776665550666606444546134707702
1642401521110007632100047747733331431125024744447222425211345553221737152526664441503023322423624600
1553451544543031627144664777253634757255200004447644421546345550307565666656774441104232552243167760
6465772545543305474277774445236665705776667744446045554201665555556357175267764445500440774422772556
3114515527263633050422000000026610450271262745440511511013320540132654320320114133774276537576104364
3605150464443730401112003145111315070170511227151233136573607250435026050231122352260126304540227516
7642005342442741613727777760005230541112534704732626225724042133220633334330632325555323114537444331
0732206165252446655667776677335324657442757445426722226165757253334153332247456306561663135624745436
6557775777772771550717776673776666067477377005737766660577705372226773335551226776654774440467745454
6214621710304117623107777745104622225100504227725420204105710003630235213335223533005755633132020122
1621350221314655522547776565011503731055224662255600221017600005707647603337525653036660254005565761
1267007071035066076717775037775467737770521777553616660446510006576474333335773663005776774416776371
0525211720542013431613123241271155132536007212467340130312151061100355314053733562123702700606037121
2734507203031404207220023062233222043201303211414672220042303521425236065412113044113533343512151062
5000521311614335750207553625210004051424751605027215040717324512007624146032220003431720622727642417
0503476130014756760420360716572227260432657364242334334414607060227065752562270056144653231744262656
5506113660665713732446176743400026173776371375501775777071556755552071775777775556610366067142075640
4733401206600304132324227771722302227165433334045745275632636626426430630225747642737735625232033402
7345545660632024553321657775305314247167754443750651107364344533603220354431704002331256156702766766
1171775770332330665555647776345662446711423345726376430756267101774066654035147767275446126756731473
4631721527073454537100313245200040150622544310722463123026534421430750445023630210313002305520650631
7303315200707072306063261232104061306242513315110455151252750252050262102102376334334166413624372477
5311652121012522647226331117224602633734114711112015335720355103107011646637775335430222420005516404
3135463543303332557667715153446044465755345364147615534307351105157333252057776146514407740000334047
5154774354442554666727165513176040775373556724146723356717075503661700774777775640647777420001506060
6604123116522220021114753122030516111314426315331620112014112106614332221117716661015701312223116734
7700550632512522641124767654752526221325707303533754012154117450444504221111336666606763112223133760
6074666606775556462227654106105016003225726715354004405661446376105664441117006667775701332221310070
1060402602567763536560311400322500647436213640032447000052107010641732204225300737022727121533214330
2312115320347205515276405267453116111030555536401010541620441432007501545204722140573404441316243042
4042433607123334227317322222514226661321101343660405435440000201711314325121021423235730706302000020
7361654630553334523415612720153136666077446253223337664450113222720636453564351247560667006336245542
6715464604373334554070647772664416664550777017774041724550113032716065166775666666575170776006464255
5524026403324725112216440621117013416660424125047226534440002153554752323424644737555117043023634031
5336150344426652127757464461556650716663313245233733764440012562767265532347162664064454337543765407
2113746362435745525107671771555714376664773661660701574441116776736010507777175176170667705176773555
4600446267436642015233401371231102213336744623172337406733711411125216317306704112730530326103341412
3500542506041501300324470101564011014041551001206016743104150424337413462544021343531044044162114524
2111113021217514545755743312407441634023334415545544632530007330606324322224021514440330722010006501
0321114574221355731464152552113550745353344115645444766600003770226040652225732124774044153756660552
3441116104143777736727170664773776471774446666466662705440007336264137612226175257745555746436006064
5307555725433112431311001517645742610612624720645414444735143432327233330430104437737527711111023227
5031260254343736767501010505361563233342656032717204554731044343227233776511702316234454551173353631
5036707075537173745376666661706270614615566716573664551715057772330707376771770556271704017775666626
0143230002363120606155276077043405153716207141307220205426226346106752713166301537255311463422053503
