4225243041213042535045145041560153032101363201117752322165405362055607521322420633550375412035543242
4627333334727222623733610626727326741725272433715034633637414404426323522314520504400532213412400515
2745567374502773031763631564651357505650342436266523634164064036312341632323106557707215134436654435
6706717375727226601766115770716046356276110665756776444776713036774615061315770664076443503117313151
3527344000725626100203435725557534211645640001203620426632545652222210301114542434216115020234642123
7015654046157716153304155255555462641401500556216211764437255763332610321115545164651666452030553132
6346076663416046502235772775556171666776775506773776477777476772326163221117776775061161634440667772
0001001204232424024020020000427354005610202552130633011244002005313256011117141723353117216360076320
6340025016700410126333571231273027405746032031213030133403016425212352000423257210034047341514562434
3543734315544505722512112426334241114443741107165716423603333216663630007546610530027041110213446654
5744746604755343250525254614042551117775565351261753512443334056666360007452244436656764443757755111
7730075777473661735016666776776661114476473777725716773163336776663630002274105772560747776447530770
0524301112227760207214635302523210001527775123621516132023735647210606663522510500447415736215621101
5022151145256762627126455036505547110667770764155515653636065626360666666510611011555207564756710101
7775774445256766060075105304644301775777776377106666310660771774077776663065265151776336103604071000
6303272371010734306400060021401102131103306637150452231134211001637047346445430311123530614264144410
2415506371116753031051310162413525114360344226054206373260731722403170004743315704113051347573450400
1027536212443331110001112326621222124335632501540204447142505554447021306313116663022111110700113321
5345141622243331410003333326223434645346544127232025454353345556662742121637736667154201550073226515
6704702617773334440001312322624411665450424516006665545374155557774703030061376666744775517073665624
3527732432002213116326312200306425652625421746620005555536607633224747723534016756144742001524323400
1037733427021033550727763663735701446226300350700005550440062502531764545634012053456760224732231411
5663337777723440776730133777706716776627165747720005550536001445357165025661046175627640206504433777
2701070075544401633215400031426063172454023116600434333270122420124547121533001001724610747010637231
0124232231110015465000630504522051211323407014640703237402424033124205416014623025004675264327232402
6345031320005430502000005213423114443336014220310616312432423006343306661101115554402004703332014423
3547660540227562020220074245100664443441064244400653442542443404353006675101176560007726155355022220
5621747662026275254447771556473774444437772423145166163556664345603007775057775660440723223555154423
0103311224413434443110216536112423537035325442322024432667331543736244006731315436007777556034017720
2121135455353345443132642701615247065163246550544462632116615363377160443760444700667776764727142226
6667774662774435556664166176615546576754156644356776777771776777375577777633665270607776576747707270
4211026023034033062233115414741014131322062541713032203613235610126723543024505320050004114221513126
1312014365571071302304716137035313002450554152415371253513411525200322064170601270242562136063402105
5121756440501314002212426224732712620725134443723437221415626725223623315747124341115235330001115533
4377355556503116044104335510652212666064454442666407551640650366053632440763234331442055530001211130
6507134665661336644404006776727177772770774443776067006642774710662622776541776664143663350002225315
0012405625424447327774011526630115550740627775640517532111647552540003010002640520322501327724034444
0213125521244442357777252753665657577057617771261754022765452667764042660776243313022331233433244446
2123146625514445077775741773333635774753377775770775746076167726050444770770605775555506664022774444
0633255325216577312210502415030243677641451740400223007516305202121612271032701041043704114705632763
2536272426412240127433345110133105443640316426451604553124137120535222743520101163404151423075345235
4621412121135320114323227033007445234621720011026440102315554324103535721700501345430402302117746430
0716645517744070307056115460633347363754457337434641003125651744500653060010554063400046447226551707
6571466664736113316173666716637736750165077176554661012316660371556066171770506775500443617716416751
3531314023212424422220554122726524134277403331114434415756635551301554044730436710205257214000324042
6410605046554761662223304137335742451502245551555115655553055550116762252656461762504763734047567764
5466635524066170772227773247320135666310777771553556167776055553037715661003776172556731025556177602
1101452366642467112312020524662776362117000233643213521051442734125130615753452060556046411147430165
0320022012534143726335732530603303304401065011461453515331645111330003743433037003617256741630521304
2226603605044215752221000421111317111115546307213020305520003543013523720001107555316721743527532223
2227061144052120052220101755153311761111713442143520333320001273150653160035446630313107755246262221
2220774366661447702220116135151136761117476067475660036660006005661466703330557370556755414315712224
5212225733752001706621702225043634015532110553603206215556432421114433421327555651005117417775535435
2605523564160022354341762244216364654345216605147663545653557761111555347644662441617664337777330761
5162556176272026243206074445776335165115257775645470736664617461112665666702072666060757717775776175
5364227201102266622525007361317137353453211425122424134402477043100155420020702517001060156046231545
2013017611222403115431315427102220170522457202404145113117377344220055327621201256421160344316667616
3114520755746445727130521321213333332300525341424730425750105720036341715123337661111712225730001215
5631500753664442252664652531123343334533573424724345765570614717236357111255536671115553734703335021
6564665700276667573721641552124443334516145777177376577576615422775467717775537761111773775425555776
0736532211314724147710522242336551343422314614734446613330154454736542525554327416026632734741313140
7553553355537247364414131457754726204030324612754441443330155766064767765554231444551446767660503250
7036635773154726270706705777256746771771667776104446003337776774270755675555557173612775055535536072
2670072660754361122055667530352602351401411025257533252762522524205235112256042511303021166125101242
1703230120461304047042123016376517044425114205407140560021326134030321365117310037521124733762206730
7535521422002363221725336045434655376221106334752225437640363272553411571431403422646666613712223635
5734037632447264345337753554437562602260721747265556204760366150261436201634551754246660641742227633
1714320555557736665077226775534774122662776746352526772727770446771433426461776702666661404032227767
4542647631013501205324447533742113123637034437445237530031624751407342102030171112125146325630434035
5453633252441541422332220631562124707562462727774452067036545044367461625232652221001541247214657747
4454776752554664775525556576751214375776477374441776477375307706773676065774334443331544636745627300
4572044160423370626531235305157114545014060417041536651217500267173232503107510437033212621156522606
2603024554037650667134501444501000424601031533326214334070065402116617466230240007551014123430504157
1115003221635333402640005625506526552221221315110015754236752631521105253221117550473332005506665534
1175052637564252510756061404443523762277343704032126404056114647300214463555447461253332026606662065
7775006360574775771236063770053611727774377074534446175665776325372206776665546106323334447776666770
7215510542520322321404131325516324444720320215334443225324521114432117126724024102535134223003126620
0542715112556344330410765076614754646062701734457473231665131663651224050332043034141235543301507767
6300724666664162441406476441561066664173773720777472234770776165665555736176661445775521666663522720
5402130656601221721623330375023243007201144047364153432640647242636350542160105266024140724022252221
