6065532310107736321505314356514405122255443603451127162026301513432202317171324650210464523570031411
5552221140000015007733723326535622511336101631340122106122214415442324341436230413124014347327555213
6566654140771220332662030425065301527260111363454566534466336116540356635664564127400411252737662104
6566557770776665357327074772773621256270667775666776772771064666565777770770774024736665667232275661
6652100106544115220001305446007141126547726521602707653211710227714320204517627425010001432524234025
3357450012411542250073764545057654054253331656215662453221725751172342533062660245010034106557504751
5365471105064555527776715545666506372667222442775176171317220771171773556772777077773333666266125710
4134043511245004102343345402002400720674200320455467024705424501513106253531647310442412203152707253
7050605774165250773707144057432327237642114146253545404613751004231731301066653533437014035201013511
1220110426036325421111332615421514115334134332410041427220131116444443617776136230005754737513510432
3737525044450457031111447214315713435353144344125245457433262216464447467774256550000050763761356045
1775272555267166411117776075777574133537773342412550774316771224464442577770172360000776416507776361
5531326665723313122026545702223520007023171423320326333630620103116541744425040710535006114120111116
2340366665252714060024450762224750053152543071042035515656701711334760253307565125440556117356767660
2456776667270276774446566752221705556346006554774446770777277071131576301556175721665006165707707761
4421106562213770274250041654536361422225200673221352003451225024323046004052411777054421773027271357
2316300135306053725021005101246604410221002140342011023173614265533343113130227423054213601122412430
5127530007015536416201542540427624116451210300622417334404542704704017332226601300030207543525554602
1400450001227356146203566521360714115640240301254006746113755634761335662240701346352020543565557250
6731470007077730772066774666776344417774553035614126426777736717600445174447764665667777076775553164
7426666624326001337101426026325536334643520444402525114727442623176656535727772224525327442207544543
5666772665050334453254124754765334646252541254045541150355166240255417767257772220674510111647557067
1707672224666635776445553100177770775775345660002441556316576446242771247117772223150667704617446576
3024144111626234723615140664036111626112243445231151236411334311260305041044515624700106433200507551
0257411432212504103034163375430406311217540221523405613021000076120675256320030250616120000300333343
5731107442662211000000724110005342400420240022647234401532526332623740007705226730644736634414223530
2560015057421441011106260556661276150425134242460461364666052442266657114045250765051253365513400040
6372227704770664440117704667776057334025777770776576775770666262665277174077770734665476337773404550
5013736227776442325731614743423335734611534535434327551302525732723422731021365113331514044323224622
6607054047777762337750762256754447353762404256306715572541566167735011754577361513336752365170353140
6510750667774673223220775170174330072745663665646577757666774270037665446437715513336776776015660364
7126241440517133105453762720234204501505051063642611120001111340503223637236506236124341325210005024
4201060014616507271441111760120412622725076241247552640712005214000145222370732205230623462333132004
2431716721526443316640016131537724331511435434444442725132503621116425536742213543127125707425270215
0327715603235562644761222654246143643344757064554447060133766443734624731612115463504565751744200125
4667115715512774607745557045666056464505076725454446555056711327730772744772116775776700702716136663
2636406523440523115634524731111110210104244702112723301315231243436753614332106221314700407765222530
6236443715020532126742546461111333325542155657217720033700762462434461636466351165133257747565527766
1160600435662533231702541271113131444515776272772725550776576774223756002774717775355474075655226512
3377533527362673617470545232413435212554324113222106634404056500154515050322720761210140451040300256
1615140345332210062234153411126145261150002053706225632204071221114021512306614127250023702736451001
2115313504023421012303115010625054325041707635121015620605151520551005430001005433017010003354216554
6215143443156713751432603315526113400453132754600016524464415333266615342220012432757554335762646651
2664305665770555734663625666066772556667701403775551777777770776776014533331102056741704346771665656
5137132722321213741311101520003726045140032210006332203314537776051414133321111722746234740317325650
3756342271310104661633034700004055727653034454443365207256437775765654662231117122054704742436543367
7176477277772207376634446340006016576077775665556365505075627777074662775551117005476474774771077771
2644114556242131012470216525124107101722660127454711251060020166042225205131435003305432031310103504
5037241462751104356602101462203515243463153544705242504417213360402605772743163010325121110431343442
3001310304537431021116521324725004743631115045111411523747767022221515032324425117036330026661420722
0733410303536063541335124216155605756631114564754116355766672026267705603762335151667052636665571244
7373443034542755663316613440335663377771116770741440636157660772665336636777776663176576636666304714
5045632334034441525555121733337217325132625322114440014621003707115424034544444104201435326711621725
7334012233404444605551322653334503764532662301224453536241016261110753751654446754207601231704062553
5476776666664447335553506753336356121547775774445551554625554757773175746164443226666745156554777714
4243202340606346320165321035037033724031260433710663305010051243210333203751555050106431473405141251
0364610522077463555412016731366031514522043101654104750161303025473420120365216512146241374277075120
2015425550324116511214114037226666625526256556636315527135550006244434713336116463310110311111402224
5140675556514146135121445044716662342045415564342653461345552226147664147376167542217745661114702224
4521035556771415305256663554716664304776776561615036774075552002162707177371617574444335771111772222
4420000000215613321020504434402431556444520701321107333323226727033535740202505325753335331531541412
2426060442515651240355220550641231516154750773542334702523231562363536050022704563163332544252761546
7776060445501164556472501666604667775012777004502554703556660576725536370227576776723334210666704552
5463710276161131715143160416421300612602111311533431055723430414744160370232120235575122563550602071
3047763710501302025400653003163421012052737343410304556301037263133130531227025400407102036512650033
3331314442613126225317772255646513215635632227110211024113336443635737663633403334202435552222221421
6651334446125353613137775667525013601536522227661024360603334646635233364344303776152645552222232147
5657774446122661361557777776076606776613622227163336776643334666337727734660433773773665552223335551
7252002434537337116751743120000125227753543400412324506631322305002510116533616376760100733534535346
2453020756064347036304662750444666517557355241044333761157053765005633221426301256771310745332704532
4773235475777473225717715370444776167552741535554246576356446725052633306771600426670337435355746667
0300244003230276545276150331342226272604133111103334340042256417336441244174405036066054006552247120
0220322512760045561102447333003713711214215045114000032705757213752202022541062404361407622130557507
1115310103433735436665035432525527147243432202425555620002012723435447603607754725430007331112221015
2122031013430244756661463614053726344337740007747774030064557270645452456336150164650007376164443432
1225664444344721376666775464661376732774732204725757166663662726777771326007166740160003376162242423
0007662304524621621003222223112226000200630500715223136221516217024132246434646346663334432414447440
0005562304651452761103235554342240606623764544550661134451156503455344664556644356663337050747477440
0007576661063701773332325226664446602067700454715776665601553776115517772614645666663335171727477473
0565573144122421533231406010103177007010170306020233203220313413621306040231611662060307324302423131
