2151070053334533144012500165416207110337022652226730262141455212423317154041246062066416660130010313
2600006247420114104341230346003322041013222226536412652226666142420625326661404336234622332315310335
5643030247726623766322764154441061655446332226514115252226664164242114016661045745632244541023315000
1773036772440266752666375776066775642256262220774666262226660774220666776665555725624665253775153550
0446621621736321532452404321331210004334325326614735724526664433733114237631522322004323726534422621
6204445527464457206307352707153310776421036155126402157616773337443506653764672237025764344452421644
6626226616425606446776114737572237706774663265206727176076773442275505416733503237726710176362424612
5367345762051375623546005714125006506040540570543061321056642514206344471441440271320311503402061470
0605442764012064463400313400053311125605542674515054015136023764440402140270432537040761330130322333
4201515533402543604126242542223017521025744144226440543330631324117007653724437232107423737133330705
0020503765414523037413753042623143663752361507046466215355352414143031567630530765463653376643335754
4426666275776666602776575776664661076476575667707773775536063447777371776205776446771033774723337502
1471002327530437050002333626430346741113636504112703627753714124206051114724133227542112745511250422
0251013721656254564440257262757265302527626552205732332253046450225265750754133532761226365447361755
6032227736705646475555663771606176275527270060445416620704175604402777575314005526152114711416756132
0222167211204153532165412002561060257612604542017220143052251373752043163605236452534212131700644006
5624023421233136316756216700657101642734672010207601130551065305015731123017125216043654451365203101
1625515517720465443736414235553334620206301416130221105724526212122420523024445541712625655440301612
7604600014247464657752764235553337530200037704603435654104427654461144244537754441114407217537443300
4476777772477705662520470665553331052203664225770440665745520376777770554525755457770666077377736774
3115322300422225235634703031114212704234125331323024637425737775343003023217433330203112225553521111
0021670327612222447560044641777556134055373556133552452466617775663036710217343335231335445553401332
3324503026372223152707746607710746375776503532661775066174727770774446743777003335537775545554511330
0643350521225115101713342454325010102744230454345236231351232551232430611103611442122202116100610366
2074456203611124220162517131420514420107020221370173463317100106421377412065541074615220225430550223
1503220001660712422316141516115734414413432411214745125425530211601110104727733123421631670204222611
7537030067316165144236557753032251145754664513525057060713165501332220016154443646426353050113410423
1377076663777705664771460222627734110712775253557076746306771250665550110337334606365614222213774160
1210327123334603623733522221115736327012322734416641407403537772000647542145444442222522317772713433
4423255403663343157562532271113715253252322440334441644745767772007254666554544445253113267772733341
2415776336636065606502357771115713066243323771556466060706077772023165076775454442555356777773714347
3031007371640206611526224551232113555313212272300310247553114361326154132453200117042053000540530071
6543140271367351023473246630411233121222511653436771120645537240307030152035311154206567170132310340
6555556344445136125334417035426646652726524123335515634540525427771615701331226410601025023123224231
6755564364442640356353255465164550052776257563331146322253713607771665464131216440614531677544326155
7676667774446777346565776716771616057227776703335445441664666777776116724147776116115664136104435462
1117411004622320005747114446666554415453333335554504001211715035431717526300002636335210306604510605
1334336617532323335541664446665654336463446365553344403127544272347030566700002346444402320063426061
1337710161403320034776774446665663117774433665555505553325406102507036713770004161616373027775777773
5225342013531614061471274610522155211755771014172510366250314100362133300344350332200502631402243130
2135344400523104203615403357135714372433211215225360220472333007043304460301073400301733600772130407
4042110142200720727520000537435353023547713523210605736660004634521110557544717045546756146114436430
3667663250203344545750113502766205711342227417050064406660445722411114403753146557636751767663517765
1777725662004715172270117776106775475517116404666065726664046705771117774730736276075677741775510426
5652000000103420203434331215410635215002627126416663621614447433216226025533136747711611605114246130
5666630001412347235414544334656551230004544532406661642624442663402622703535546151065155765112602553
5656230004040667375665532440164413505555066006776664321624441702412667676664665746445661575156774067
4760224013205307634065703430162363030306507243127271245340740135051277402010256424651103777370427070
1730471413432623703703310024752471412401535301655601443204110446266022027020001433422641202246013061
2224741726357014113315226443733724431112520147764240051701015230011225213631003321104115630336116313
2225710455761524114742656664753660356662255277667655761665531765544641543663105070712603107556336137
2221576347375274417716654445140275771615256336676576772725036474516164026333136417074625167700773164
2421724124510004223021117426731110005761300107777627021336762707644337550010407436415347210402432303
1542665745630005655311110406156160112562441017774534156552263753766547754124407463604767024046704156
5517175726770000645661117725726161017273775557771075376162775313405625752440406314776570710406756712
3350310032233124310041507552367146236030403151126312252251151302400200542021234201074211364072133672
7123004107122202650216234566013700044030146036743230526623515213250075230203214152515403614323342771
1525147447353230203612324431623544417440510205335756656411742436000115436553014520004730000711511431
5267764774661242025264321654057761124440015225336464543347664756627021317064431407077443331665710752
6776544745704555555774435605636152247775515505350173771664175172207274057701403357073730030777576225
0176545550502220000335006342322721425011735543614113337337704446220404447650710705550505521126316732
5234555575332220005655057365357275032022653343641443777373334452620114744657330775550002756233311735
6246647775302220000667774776662274531554002774101147373737005552664147771070177005555557726366161762
0110242105220040403101604031331462315001427674216372550327711424145311232247200051353330044126551050
2007675627623317660113240445415534311260417017441050522015240302310351434142050541204611000024042234
3012521510000401153101004333513714703037717117536636124635334403120760714432730123401622755750524631
5647131550054337663011101663533756461251441172765353346445441357737264415537236757665152567555446441
5645375115553407750137774771515447075660077176142774606335225777127200770663723415716626177752773635
7752444665122233430625647315224635627750000656016212726037126216722223314130721111445645642212616216
5445754642715033441636655733353551373360007211046700756727350636262422120467561111146525261532162120
1717727777755055555773435101770644057560006736463757055575043217274440306776511117770773773500776613
1030621407540151356626052250061466245701537620541266416314315423060412122201314041453003313156221475
2324620542261572470704161532404147150020112320215600337075323213412427004071665563033340553227146045
7542424554641111520424666003531114325651501075433104226762300631110526122701115523634043043714115641
5224507666443316536657426223551210721157565346767540337764570732123413454121116207510550343733225620
4775057474663312365317726207772224736616716221706220446766516772126777004171116606756665557113044772
4526242344620113317325110205535026104402520206334443422425740606523336524515425550644631325733333501
6016246153650756150251157723756256634602522332014446155542406067206760157654655556656340457603332350
3777775467105775605371552703776063016062556666774447066665720066756771626370615555400776746153331772
3265365164410541775442003054511770237011703067423426404151262432004051143336110545473031202110051244
