2310722461060003101042033453127042306605350222724122673343731113310330600333262041535200244026700006
6203123336320506336730424441143716543735351436326744650731731217010541201612425511527726430114436325
4026546447606352454761655544056645747373354753426705467353442727166601243632241714506265140323523420
4660714665716365640157134555664736777337775374610471775707711777606544552204247573661715263232554164
4634547774511311225645540000206555247626543637446740207535550113324712473335302121624733227005227442
6140757771047353315636365052027306635034316637252460117055551002434332653350536332642556154745227661
3160777775055074441772775500026175771045067777527721220375555554240171035555306771640175364075524674
4650151013621262653463222142131021007133501243134031551103545523676400363300330110047233561531071235
2613011424101144052031254503263657610626271606461050770234000000546020515044272704247047547275744306
2227734740333515743330007011627552224731622226521500654737130323310103335444506762216663525231304014
2334432214245535446630003362637415223457767225320150652345654151750117775665116674416667044757464227
3320707711661137573660006716137145555710337773067775060176276075071003731774667670776666511746744013
4335722111136217733323504275321225420741616667001215025500326423422431613336315647722217125750446667
4334516263557655566642341355231642502451616667662412754166456455705424643333555312271120455773306661
3446037777770746022644156023524660545716166666074427076777615266713554163336616772725556335755556661
4641401153004013520255244556152362030102702201520152700213033544263433604230514273511573437760403346
3021003327324522223512171135125355051531412224434335233316662320576564163522325512641361003242120322
0207406666552035737541524545435013124324226034105327431111740302532203533430502410006732326405725315
0224767665664466600754736622606750760766514434600177666553660336467207263445003454402053736607503204
3330677777776774277046055775166716376745460666616442416655723000777706753435505774041047270447205660
5426122221330542307145325411111536607014445117446127514233107420205515505650212114634663011115325442
6303742224544564154663201414444457067124466054474535515453011062626404445662100624763434617337565332
1770552225666775771775665454113667070726666067477061771775556736066770057777776773707774637736707776
6244274511071442245344355157260510152411414345000114336024143413321722324415470012603231222127005420
0243506343324304140320352440473064200022167337134042402171155352201531237172301506415141074541755220
0120421655521321623621611312425444445322014121222221111301115557202434725652124725040402224644110301
4457746251342752630326614306425624447462544550137223733651115552000150656721210646560000006440333763
5777201264235731366601162424666264446704152773777777375611115552776741337273336713774446666644047673
1117775005245755506740112001072227110003125736625645234403302626344046643425427737113002704423115140
1117775052507466701463325533652221170600751762154654650540332224346257723762445234063111740022326204
1117776664666437767173025234222221776666406241566541645050006666635167246475255106743104126662135465
1314477237351512005223503235406121120373151144650405316306000605220041145415211707366016113512440001
5210103642005336236256165436304321635210212232301552616341131373260722757113613603030500106063244411
4723414547445727720216142215522633520544333224137503102513027551740506640004531724751617220455114232
1750547555764504054654141612666651763612740026145756155464655571755057740007056557262627356216763627
5041537746533176135361662667775236706777273036360075636775645775040057460002476076011625036777576460
0003334444143723534007731623737762621516532227322730434444434134440543574444014026324644113025136663
0045554445757406523330653355520362267253552226654454634446762654463454214446141756235653436455607673
4447774447174236774046535062770376267273662225175370664441276776663776204446776333624561431746777674
3155262511700446426110110116425715071730347353542673231142217475246453516210340716603716553330447601
3272431177106716045572260731550601410330042601062131101235431332532441036021436010771313553700452051
4307710304312620131515320003622522020001520713337645331521117213724446431413421231540302221112426222
3041333110254642341152430301545520550007260713333254425061112134154444521141063046251135521132747620
7770700317664264775154503337307776660006750173331705666771113776044445614416774660636665523334777670
2401546632203527776731111137625153700101514427003752016261315135556320504632432726745557523525313723
3456253360021057774641117666131663031017051767073061657261631655554231110554761215265553022541347051
5666777774443667771371117734077777700017706070706575262776366365554600554636177170575555734315545310
0730213264274166451055450202264000461021735540007514151721147014111112426445426636132621305106361352
2000420331433502311142303041374532710265607373602250206521011245211505216346141367140221420712044155
6662501003112200201423325123732434026133745113216741515441421103210125400002426754201333633117063514
6664611623630022027246164244420152465603661155233301154554260522135433260005600764024205653137264100
6667366266165550027170775517276716774774775155156475155446775250556716770005467057774666221310274355
3127315430703624351113626324701704527044433437533537771733725320674023346724523334720020334304401327
7241044341716706062121656345560165204257064741255717775230543522354627452766763631504336201657353521
4374375357102375772210774206476774775276177732731777775075715001446777577005736666334246625645711550
4332203577415430030513162340001616537024102600265012720147362510560742474143025232672122506213400324
4325361332024050075514002021122263455274627251226562562606664272225145170261340062610552100765427462
6151711203336653501215553337723604012636233631401016751112212572223330217350322322227434603730000005
7102665313442705331125563332752750017416235556562627361116144012225534657761752432336012354441100776
6572703254432750051226663335251474416757773665770661251114066232225357636355744433236747167731017700
0224626111431322222003332030114513214320634715540704211473215656115750011607234122226637772324102437
1645101667412712445023334032336656054215441747764743046353256562257554146557243435333557773222454763
4616771167733772445523332442772777044135614176200473550225665655065776660614310775530607772335666076
4121461223114125214277317355215227021605700434304443206606612572747614710231076153013025250177124611
6322402330674147643452304006015132644005363131404034227011463163533752000732100430416352002116011241
7166664311615631204525752013526521521525240711433230003357140415634732326547403413423204443321110003
7366664331652061215416735156570054724606211440136446061664140111765543625642353411662365221542220025
1376661145654772001257632770142665477335460774406776605777714043750736361616115555776775254054442224
0041010304544423704537732017636165113524743330246544414601417747533422226117525216033113117322674430
4554324034446610734030232512451163135344443665246751543541142750263422226714032561451110442665032551
6663244435552773705050275770117773554207773665050735155631442546570772227676156776773333663711443777
0015153000565407022113150311150565402033470054525537042423322403011020124211512327201001313344060054
3304002100130456117631000150203400033750332053124074051250302155520031421401312723242260230746506460
0001105531525336302425041710307504547534205521427527532525436604435323610016125557744441202141223331
0000423356606453302247661776637750117515352255656632357605630003437407612120455554244777650357553334
0002443534776466604422751170365005774044666663601072776574666605555743075557305557227746576777713334
3720727535505627015650203611646452114520110716645103336736105430703525412624403403727321115214701002
6407334543165251745554422305656451226763307136151537734201607067001661542666404756767737771224266100
6710721706776260476660242163777772115476663704150353776176106177700775002260665277323221715516176163
4351400330055243136527226746001217173703754100222000032203147044001142011715744436441011710372733056
