1123665473036224304520410206616636253311460231123313051022206320754042616723263410443421004252711250
3413330621112526736441720117656337626333421005631112430105245204227525552335540503617603734522625743
1333336543115613654466052406763766726336641013251110451705364364225257576627452521637065214547304454
4143337133336772756643042445577760703661306661621115667716776774247725777777472503167065272256735770
2507544113010301224636353310424005517444323737534442435635532221117756024416007773333226226751733121
3530663334410303312767764651430444545221751106167471237602012441115576156140067773662535556740267762
0521754143663036661705375643216661007756047075734774412474664421115575331666607776635356267546376041
1270012666131007005257516214313764124113710712203436360331252544535632727432117670171622072042317601
3565024054062751536043452727313501640012500101317311164613004574354201100004100015521163516300304506
3730627406512426610002414601724035555446454527774403403731036323432131404214425013113527534212626722
3734257045444241440072016744067255556761260657771362676767143634345643561025512565043543520052261451
7375644076166660067774045576376215553750772647776771551714732623345466774770666774534527276376263064
0347040111407557140124333303472601110206530201700112425513317510000433607736640204527025653332437521
1254330405645775563572240402055651112027200222135054007315011153436347510356741211505265663334355117
5660774145165576076441774436101771116666750023727776663775667753440666570577742103776576553335662774
1124153023310256536623122227054272051064743321206250344625500710244310024317211324426742536227400530
1512251211020343036042413311033223610515012124133212422000046403062051335624053510464566263134737001
1201312012436665553131205714724417325215254221110310201116217423732705510542446656721714504420715121
5755442756716665556644647150407000157046003341335640025117700517763745616732336551061176455110225540
1723555176746665551461620442777716436376266663135462025556336731164236166577777772717716775257174121
3441716660720271200724716145633514015225625525551310011764333613311202216666326535710606632125237520
3346666663233542014456451440164454106656525226555355657263646041657161127673424453666067703645236730
6661776667706211025176751665772666660331772526667776162716644315066725557764613265726003704366666101
4455041234352014654541244451342733713623511423437322545114575114423513030000202121225451051234060112
3742140323053222330477401312616433107170143420230036371436610013112024602442321172001316530410440343
4652311731521111520001602025011335605716237421115532722241413334222644556644443331420420524310103410
6054037445605152332024223031521546551754643151113761756641113373435544454464445550531535706250010762
0641247134465515152204615552504556007511776301116707517774447772432666667774445334356777275641016472
5076334723336627743525713542422222325623317446667424726437747002625134544644444332532223320102611210
2314650653331745263541755762742222331250615056664760552501140006264265541557441246052624401016122723
6435141633332746154010336714772225556616777076666023176771747777776774451667770774646662664442617711
5103373605020350550233240614542744115272760154576405701361520124051203106407342160535030001167260610
4234602034207072300510524010074153251124077305752214035100250354044242025721543220050315653510220323
4120522644144402604002320326554431512002204444542713420510113223523333213613135434322400337777214323
5753742763254506344552326360762751552020024440501730762246027754057371323134611752340247247775402346
2746157745770554316663232770775071516667774447772376474516625371777370666616640475555554717776337772
0512221134572213336114406054404441001617624716624514743501562247313645550710104637221115510103433235
5665551331302113330602225260644441011110134121216646761255164162215545556765117062727174611745510244
1775227776223333337770042776064446666664550727775777003667776773703665551075502477271770467744774553
1333021151065026064426310074511724416712032003052270175631303502321120633222015022273512516211262153
4471711327505020404143303423570226221012130107600154262402262550671134521401436402312015571416064240
0005654713101025555004416111730404500407125132437345045031724222115430002407631712641305544721016664
1010606100014455550551546665664402610442634201547555766364742422120344042665565767563604451746466665
1107776743315665556665511115377776770046737665774376735771724424445770444771706053751664547214776662
0013313003115003331430504636445734723126224173527330004603724517211754147022224213350016446613537725
2314104343117553342343334766443003053051145032536240007626057364767457254545552147561326461767511554
2330446661330774442770553276645776135776466221156470005571446756051475075172256667673324467714744240
4377217131345124107653123743202424077015347016143050040336242743320122213365024414114014111005175600
0307524161420057340661322525224243133622703321221362503562023562207140224246334355012405340102326323
7741312223521114131207536123434436524020005713002201631521517764133334221621274326545733001147646604
5455342221601110561246635137452051704330441450334426655625616677753660406044535104657753734662650767
1714052227461116774555720475075776742404040477770401351666567665046365554776016777775337707775717072
1115633427420320221333327320003112220227035626665522631415315425003607316032203320002542431740341105
7715356763512350551134143751107346660203662457771634011143132545057722763055705050000650235253657007
7716630716005776667770665101107742267774741466762366774145155247776556506657572770006770443075641776
2505602130053231665353404512322366202211012035102036726100600022135410104242631167532120166252547542
6663064622163312134020166704130301714401533617001114116145706730725524505374623531143212301774735127
2310133520007540623532216424224003325535200003427511527745630514100110113722010003540117736331507433
5064275040007061475531125377045542233446133034234364603447423537763533432131520002432531655051753252
6776554320006523553356660517070452235006770333426077367336711506550554407715050005773526240660775746
7441231110324243221576135334420002223302224024443615553334036434433603002013335622224215016731033554
7744566164652657043404641156600007761112335534441005554445547656360630335764546552224361546362654661
4476776165615664376220770771770006670033231664443665555550530577770630306744552622226775043774711773
1617711524372166500525004645731040276410177034036303315307606002003530265200202206300240634070554214
7544533203401726052472013502477100251133672541344172105021410130000601163402551434432740315373104446
4632211433333026332514315501320504244327433223726661030620121312110212611344023115646321710622732214
2152517565555654222135650004542025760652153731356664450643653121226605126254525135627363633230431210
7101556723354464063500465505775256577116107725276665772645632321121625065605775351777276706064714442
4033023715104315412127223326720225212225540007315120005735004522211214414642633733026725552337746733
4151754140157501546360102655037666762224453330735100064455014721212714114223647555143305562634162150
5666440376666224153777715061047705702224455551702666667731517572117274116624623754536176666266170440
3220325200057511207377544534723454001741217466560154415343547317246134122230015630564306146760164711
0117204053656451033370205302333034415735027003152051625554527550161013117046231433350101011545011122
4443524337636225523210506232227431433323003305652006745035236757777532226332422610703330214546124436
4443144430433136417750004402226515062720220037716633703257667307776522774415343320773337365653457362
4444253436741062466405556772226706773773236666176236251775716247776707726771536617003336756640476172
7417332724347245726723327774500624705223344547250534732226233135006257252301114643726534332203741420
7446767442755765700354217772357646645250045623564344742775356655507625762021213755706554553037660573
1717007425706354421344147771771477077777776776175663377726621650507576720332226576413366667777436030
6550645113701571346520655651404001343720403673711700150403745064202544141501633034361707102214046013
