0301303345670543026664217414027151511022035104600223321144566503123074421241674124460075410553004126
3221717154406707230001510006657736665035720523333512224114067636023020247102536013320005444445754640
1137712367350467652324450007754256665660756423375312226647065416453252660713447605752025656467556461
0551716745277746152337770005676016662770275467770662221464776075145774771705527172712024666645776441
1613626550307462725623421107546635723534320125550043223015126762220007760430635555616001515223040304
6123502257303465454173652021063657352544134656555143440311243363530007765540555554454444441016274300
2625166627737734713055646666755220314102773076661556666664057373550006665033665556166601555661554432
3025434414561213011322440131060461171031044512536570732051122106522456450215322122104505543771541445
0727267261651266011501115254350111107604232616227410002057273742273744611306605113413321226432000465
3227773542011561422621101217424616233325567774116312226425210007651422225551103401322111736001725724
2337777664127566233701606221465653257220067770331652225762124442566462265551002576313534253035061403
3227775704557714366736606616074165167737777774045632220175150407722776665555556112660255746366476430
2757637730634314275121614532203311313720431027345444711203504442714036550620002125332520002011436330
1063446544710135137061660233632243760125667765346350551243154443237753441760005730702253002765622766
6746276026572426206741614510664557673712776355276634714771664447715343663740005377752553336716777722
2707202332373730510663100600177351033041002202747302135732012054400531122000776312525000124503306501
7026363015175174137523545716156334111022431415631550521253104357070163535321543065662200344002430213
5631313335007214024234557322301035643550203415556137740003042321403341413205400523323331744532013334
7165134340554247612334066067234455363602016356665624470701761134017553337166315444023331446152305654
5075354436667176734426771757705660776771215645565774747776755550144771446376772504553331772463136654
0202210746114037644630101100003215444445521112101001103316326433626431150501435432266425541310003532
0001122247767362067060013730072015624456021111010003645214234636234165155055562567260573140756063355
2222110776716741572741107077773306775556771112021114635254613463262777775006776777673410665736065351
1012053374023234220114242032431561472227620415043724031173040341605330021221556030726004050326400534
6353522014444230045123060423164734541445516131427642036370240135511044315201747023171434023043253613
7624422116747456547641011743333540512006135551712015757761100106325526321630005333224637434740115557
2262742127767467414667553053337531026722455555537723367463440614603233633261115063234637365250225571
7677274444336536757740776223334775257765065553071707671143551665770502260777776775551166407277777771
1326325353731532303317540545720503217664327311112321333334442546430736030620024411011202306150645527
3401703732056564436317524707250113117674553704442224143336460564254254760444650016065373742064057164
4776757575273771661664727757251552326761661701143335553336646775615741472663174107776344725775666277
5307123232543427034441501503713062322376262120660322230140730312712002223405112132166721170527131633
3324220160012743651343034465272047252554612500174036730621304106213125240101410503037231442065175220
1112122225334630205324735331104225554626117545113632532027555324430320636324521210522423327723423110
3331642425661612647616647753006555554764145665625450546631267563344306454514622326372224213663640360
1316464441773646646740175733316645557726642070264604660366076175554245420775603314514444143021606777
2222453111111655550705537033002145042404543433627211100403334124335542207737032421704531115716312724
2256363531111565650760167660330354751146564344653054642223336424634455105355531332152651157052760163
5550771551117776667666777033007660772771777777106440664043336776467775151717071445270645551070476176
5115210610252611010526702323052061106061040551107250374621263002216124644224677633034422552307735760
0000271520563674600122730361144140015323005641230003014364427152711020740114001304152403515102323251
6011220000206002334334654643337544211217775423606636043710605225523106323521510025332015113271711017
6621650002006065563334764654345360675757777655350331763130665526522457055001555441652404441651173436
1026650002207776774445775653446273557277776170660061477710605226627661402536665256161441554007714773
1213422270206023001321411117733721437133243332217136541526321315301742307437210243423333423406437262
4412044352207425300450751114640435142365176364546364600561453130534557545145065563413332433030652062
4223666016666475536775471116214275356076036635514475776770716660537715715076736770553330404405430770
6744121667507241125101114372124137153324733544003523354750341661321730401110201512136637406242162550
1211353644431502676326614141151202130130424402105054722211502360532611034204232056560013514020000474
2705441323526127535117016432511201014426161314714113024673634740321112116666437424012630730406237314
1453517062444042531552252505212130016761163315763034550251453664431112116667631546157264340446554130
6333776753516777275115716776663773332777777776534041771325460271771112216661745705467370775552634707
4125644222421641117102726526014423741612724730216660004734437214544227504444124442120741314010003637
6647744425405653334741762031442522366153664063666664443140606451354424214776654447441356031020603366
1266754225772771317011675636604556746553716274776664007716363003777776334775424447175476064246666636
3403002311120171117231226242026433473441261320631772633347540043222153565114353073241651164356011225
0420730045304101355130544643115632262551023010160227101540020230046725450376430501031415740566034004
5333732544022526533736402522112324531113624732603311545555027321324446042224404540313024321543174701
3354741565434442700744331751220644031114104606220146205557137236044445452220646651304551505662453542
5357116776712556757046067711124365501114636716004555465556547236774446062220663775551666710776025275
3425334522205502754542223751711111413634743724021046316660736111522226715552227503215632700107633247
1753546013020655255452225367225755453367472733325253146664751112127725705777726564076052000103261050
6014547363036067275442227672177750666634471174553664606665146665517726157752777076554412771015756770
7375604633007263053204251711001004402070732175130511473030131234604370213530536132135126420364537435
3101115501043020474000401371420510410061415132432327345432551722456503762600110003654011266101116005
2737437540205007545507402323334005613737224724726111633223334011113736425237771110222716240007117633
3444343062730556360524044433734545605457167040644620254335332323312747512517774440552126554404441162
7723776173777775702027706667770551604726552706714025362445553413134273063667774117771772644041777734
2222225722322323720005222523127034442626524433001223735512557403535131201406327323364441277525222622
2772226046113651650003355600350034442664314130304547731113064706456261334500051753764445030145762261
2772223173065604010007776775777734442620371133305513731556774702464772665157146407674446145746776260
3511310461554155501601054616021141232342432732654525311165525302460473250540645726104342630003532320
0023112520240073033450037334540101360264113041305123077505304473003154242210251163226066232233215303
5122326637347740427024323737233422004012205651747732427445447121502022131617762225540001117771251422
6301743353056364151457456701442345024764206654257556423167744055460554541166674645450771777773467657
5634375565475155666345170673075555256714047775721134666275575476776665776616766644447701777776773605
6666626033515735606412013321741327756510541022326643410006435004412207142117007641403124420216725612
6664541761030565227161247663054054650056214752234642755502055004410720146335757452357050553756715766
6665121730556176604774662176225666326615365733327776305507145051117707072667056255775372775742171702
2220374133425027214247415362260674637244055243334365704150101210204645253047156020267553223026310102
