0300435174304131543750004025230235260407062414212531547173202511444230060044406610744531106312053221
0742325215520614545334743301421237544620302404220432422115520444035003343233234123435704332744421301
6756627666400162754547660606104751621353555512444665712224461516467454651652235544617052242462223313
6153360571647777275117646634625476757606663665552775741116775662777476655065552156617505556714240100
2551110043442012321323440320202543753411610006753006125634605110020002221521322645412403035446435343
6437115543342634431630757656623052352057600551366355654515453533230012223346055534141125502653343443
6777776667773614112665171446024777725664740550476563234266770775551112224524776775514667776266465532
4100516506301060714012026106514121442217303125563621050523421325010036021006436155345507264307665123
2353403604274512026266422340402623746130143314720251073774304250251114542301107421061121160516066250
0013217237265106402702430431743322616660406010512746663023570406737435420106204021742122025751511116
2213516652260534602707766644760144456666651636657357762026210406766146202623036761146613036765221444
5555525737761357777206411776174555626665646031065046773030424403376075466162664727477774442725124140
3532522205744747627776621550203334443122207113411416657712536724726337533613327550146651504006234025
5335112005606463057772761764243344444754427114432327757332757103745512056727745223663023130442555512
5536660026277761347777276775554444446100041771313405760010376441231662374744027275775772520046633776
4212003752214442025373062000232002631115724761576033771211532453020553425330216726355144301403130335
0342012020063306356240360301152407744313176634244266356277127044342041254000160461602160351574714043
5242601545632323326745233111304725620002135427444324442206765741723400714444741731406553010001211220
7457651455763446425106744741350155250004541356616414442407765660126550716445764734105667410333223133
2773416661700664066756170375666432660005770661776774440446672730774267016666514717775654373301337771
2220744442113701613524444555120275144133652220116752115546226110527623641424531016026657510644030120
2224364446252366166515444545624351454657766266443632323764241167751767767267035447455650262151755636
2226374445606171612365556666776210665637356266065773316076646612072717346475740553165656745645476775
2645530321003011010426323331430345231146262602402466514337373301431313625270232612233313405631063613
2522600440243610044317457670760173670750412011323727274625253700406556505235333700141604645212641225
5435714041475620005513227540635100604324440206121112713206214641226443732726142203024745756620423224
7457501350353710701152225766300110605764442327761117141454756446447260264055262026763435751703150431
0377015666226077771153336477770556606714440332331114205660346466617276175470770003277377574755774775
7605327531300201211733220005111500217637003721317421533630652716532213333344032306240635556426333321
6064053553640523303665237551552652010060007063132246053667605506127723335746436744552555557015353221
7704667734612552444475357757771627773777776514447744463637572714771173337576776752664465556735667773
0000514101161357250242560327363504566111713353034027427301420003201023340014211423525275612611003213
3210777140014201705611400042155736003115404356522151450671167227751542201273253373151202116412006622
4441243633113012427407771621615534512422542303552222726613636223402620215731017206024006766334325021
4471246113131752445237770641624437561337160236063334040014446235342663447666464536754746766650715741
7775550775555737776147774772627776744146577771777777070163663635666223665204776111757706775114372473
5441216310006544703025753733426321544310400000221203334026540004752723501423730503432025310631110443
5456243610007561254511717736571754152050440555604664344204350665061557750764140115540021133251313255
4456647770001375376775173730150477776075550555663774437773266066744740736747715511777773555623335771
1010264221204452352006503421370052662122150416324403152310046034134641023422160417160433574124312012
0023302440564055400415016301115440001310315447432621400541504324464337221302652350615312521437055153
1435143417551522730621422721115550011542731323330422426402245112117327652233334423631612321320016627
2055342245570660654151242722215551443534054754435732544043345243022364547033335334451763236573327010
6073773667575774175647777271225557774665716003441665450667774023306176737073335775606774440441234376
7453305214547611026721312113022520611515000005642300421203432622510634636663737327777730727554002173
5462426255656164533451337033767560655553330000727515402767046223037654736667376317773334157330640051
6724556164661776070113113276276775611110550006576545526170776262151477676663376707777735745734666432
2007221031011422765404750506412241545762572111251671743556154302131211115441223641270204103300143063
5610163131337227672473513002216030212403524270402622331415055173042077504337205177516441245205733320
1537441711216012203531027214416725435446642220543544235320123611112221735320113506735715525532003712
6754471741223552007763476355150762344453552223347666555306356331112241136710335764460500027161113754
6077474476663616666056550347777202554551772220550574615025461611114447736707776370177716666372027515
3703201605323002525626245511441116532021213333234110735014444331013743367324413423000002401604224721
3036232120760005620647721510251114210435123366243436445417552452027346364654510175530332113131743156
0776060666173336651774765115771117004432556664610556274777755664440707770115516550533304556777176300
4213270054131203313442121526533205313015023043255313025247542135771014210342570514134670323333602416
5043551146714225041432021212456430473252010344620720130030335347340167522210274005071030613551214246
5546151473331012426653226545556740305452522524147440570003324630605717232116656233501112330600105005
6707302353334011125152234535555363736642255225514774130002231146006201502607006556744145455551305505
6716746033334401441162333665550277707772552556664476220002323666603246456775771776274414776061336667
7732630204310724236431531714343025335513634421327155550431073414441406445226246650414624320406020420
4237610223416622334312571713344153536513632123406655556642456406460435227762641154012005414744353652
4125472000400774426776407715556735536616361414557715550636231636641345066506240775556463257071777162
7141520737716061234100714732017314670262104304421715644731037110601254014767204321117603600600336437
0430227742013124015105106126114153750133005122363342220610005211321640234630613203454572326357203304
1005421105532725610612313116334626327703123446435710002220103500667717756665747775657724334623425255
6017600107162226716017211112266245717017452633042257072220006760067122466664507777567335542764507465
6163611006727770757773073337776006470116306776067177072221115727772126506667077777671210500742536173
7434417126440403333420007255034105225733334553634012337130001115344441421642625551214110002207210212
3245505357763333335040005266240112222253334547560222554755446646764440763553115555331645001142755121
7721774707004403331350006176770445551733337771754146665245454460754446574066635552556645554775015501
5761454546547002010141223464340642230141474200200740712713125643520357250030512211112425052123240070
7324730470016020215000052003023302703326011245420413551002101156303615301106532005570075205206030175
7526323115542220407522611272226225133272114457235756212503136437776666135551311116543022525022103401
0316445046732224047351035037774550461052113665367753355311137627776664206553550202343415757053454335
5732364356712220042313266442274616776412215776755575063667773747776666776667772025614667277276770400
6237134121114421723211411323726363530111426554425530010410203750723016731116666525631113603703314323
2442563401111052555031143447532234144603767202423353533452202353140317611116663025356163037661130570
3666753771115777175774140665017771556646706722243355155775557274376663171116665636366160665246666114
2511102264037153673235263041022052021217446210301355002413466146520154345560461046465162103275131233
