4161565233421011513174333013010452043753405572352744010522263752430200555001171545061561406534542300
2553213133533537665550105122107772224744317322100212534747322021027517463720610331712113233274446533
7367356255755536225554017516627772220555401052017125662257364665371564265701334456761227246154447715
6175705263773537275551447726017772227075776402107700777756024776456077276140665662203334770144446241
1527430533333321317424100527634422227147610331103433222627316313042545751410600003310002633217230222
2134053655654235530661255335522424541751762240443343666444263646754027574140061511431116556051456760
5355730665664423515716730526706665455047004555554347776246071466575665751410665154413334407466700774
0036433626520370304100231106313341005456531743142151254103342037035370034406422521063215333533612204
0401001211110603723543307542201300540615011436346701727544141224020057571314370645401013346001635230
5123025537411113620507325410011311310006627771521611613526544442313324130415643414535212645113126450
0476657067141447360511325142423327660007717770146226763534654446315324751043261135436653755155034510
6357416712204411705111771544412127370001727774252161775226004440625255376660774436660211027775666771
1731724601334324736435524111424303530435554211326314322444644435446754250425320117731545407321022210
0764746047553215404636626460554155751465556550451330755754665251617564563317352420755060441244572110
6541727777174555717776520774665667376775554065661665712776441666567566774777274663056775504736435551
1570400332107052033373212011613025322765420346612112532611040046436771507101236212451115104052211004
0272172701204103032404212203151014630771114217146205026213712010635462456515217404165555475007212024
7545554545320001102240023417327440113332513423123024230324331006441113331424234712023305510001107640
5546662320670440100641123101751110607734503405074747741574162104461115444214651407165533130000014365
7475565534010443336773334775407476167734121666402737236546772214661115546665363376175000050000105750
7640212414445337665736635744400006221526044543532226024427775373304743434237721113214237632016211115
6413523667773336767664712560047075054536405744542525162427772104437771543451344147350545653724753317
1773514774475557760412746715550770660777777572775554775557776420404445155664031445705773073713063310
4031004610523127751223162637220642265706422104343437223422100671522051547073434531300436441427045161
3454006505024423103072511241213500205530204554144631773000322617301332074442271222535103432451116255
5537665550523322225550003633431116217623601102034632224331205412525327625624533032111053721306661704
4347677774725542225550102043335552146345611404166502222766553661546651352150420302333561725326661726
1516677555472542225551114164445114601075774406772772226472160771450310431665666666666777131526660721
2301331314701165000005005033214320606663332407775032203321527223336520004015020000704525522521640335
1650244434701665002220555134536342226666634207773750204417767143330312327146423737071302627755534605
4774660407407775052007775014056776066666366667770770202666031743335643320775467377005666567006774662
1714271621372242220322770541107205312561216146436420123552433102003121363073011431032404612023537172
2127060352420330460533317244050452204251010162074006020332120145466161211433122102566250200504143333
6441627736527223550701270110214444546232220522416435235524331111116542327750434457751113337214421313
4467042656715734622224155762404447067762224154224764702527741171116453516653146252665153331125150301
6646734012755136777076306754414446570442223774110276212251717771116455662721556262751553337722667771
2313735641724614727110726600003031612214207302221603117554571437630722211522617214441021417107362323
3207443540654612440767350700004463001622642542624453137572102657364465543607264055546635441747461531
0137346773440772770765316770006776636616606216665161135756326770706714776775575475543775517407435516
7500432166751454701707533503134210060673605741155322162566137525111120021342125170202740613000035601
4360002362615056344623504567053032107633105621414322233160631152710020740040014215123454063013161133
0306613346742741236322221146342545120405116525530007772114231732027733305546244023434401003662535510
0031164556463066766242226145655767750640455017260057775526242546331567763661062333432207103635361510
3031167777746754754132224660776732176464776776715557770776636006776426071775774044345551777776776663
7643720413430004311600001111420300434532444321217543632321315630125555126736330006136720213125401205
5711356642010332036620221111334634307427364301210756554033735105135654035561650002156267350455144743
6055270614553301242102021114426467775176070421227400064551773616476666770726510000477276347660513376
0313010572054200767261302036213102402054055032204462315413403760401326430323276000003624533064505510
4615451217045220151272013051261414123144006175316166404310242463504042601702033211173346126175202300
5533700403541526322325005653437212124222226660001613553722725636721536664747132111323334541221114444
7632544600215146153230007660762715124247277773434146763237334540562766664472061224073333157161114557
6176114665775420774445555776747215514227726764344667377723271364716706664776574446553332667761115450
4744443665511712223513227141511247225557737411424752324421633535111636336622227721116024537132331500
4664447360107112447650304252255360005555453666607564142165152651154436114332552721666734507342321020
6774447377777174426277775706666777275554134074777643556776366621551667774205252726161472777146665257
5171547346151221154251310307611421654044373011732272207674211400653064332621634235412464704051325367
3346127435460650322642114104303345155142311462053121307371577505276537244400722051524776226000000417
2117742301422115702100001154635155717112322104636664423332703733735747733423315521750103014337543222
2123464746611125465120447057614623751710607457516666713665561553376656563211440207451701034437263234
1126212732462126725770447074706770317716366436076666076366277177730724024770666661741777776666352235
5400001544426321337047155611336500056130005410433571313652421533143615200537336325425642323024431315
5463036757207267132241151607055006755654004657701043767304515745273155220235660651507560557657553133
6773036707707731770775776505175666774244441667436226076755770746505060055525725134662713776473775555
6431326445303672374026045100311361671444072350422252070124230143224105203664147004440545312714210262
2663315152130662236435213314211104037204241153626501026365355763541400122043200224226613124213000412
7412725122542104526301425511720205424723334433316223124433333201314030706325441447126516607726552575
2120764604314752040333324147366223544227736343110534104533330222306355554575625656655017062556330013
4070677335776335776604410666326060774777736633115363423553333032665647700416266770340667700707776435
3525055653531111613336753724534374002436530321502002212430534225656337026623236634444633536547741002
4506061715351116613337115311055215654324651545262203715734432246552656452267553364441345635442466614
1667777765331116113337656044666006646661404536774443075745054425666256712262773364446776655666721600
2222001137454210024033537717727000611563415114230120261334040615130051412135300640245412416025473202
6307013334700527357016532331650621214613204613170617600545311736100006064373043372710657465350251200
3333723436222602403305655746450206223310007703505220007227626450601425223036332505440224010605441547
4440164102623535456204067627542526336137737002142550002774536310656255255031452560303753010005634154
7776731666265621776262776546775052636167330077667770002271070775565467770555466773555374436666367776
7442507436662024522225512130211323323120004420004001013511743205305116235556621637406723124543514130
1144314356660335042330260742013213236751011260662426333544164155465154655554347350444516734445464525
7176375076667772053326776555556662220441106776604026774106775666776665405553026577700346275556775770
6107275256415432302122257310571350421322300732356413511025431402342223033102435212422134010746003215
