4001462253125625520474010132611271633454061732401253050216073011017471243556044316323167301301604462
6135541726225215114335556525432227706023433731110504533222444530635645510627741224326343303544445522
7613433050026254443445556527052222024450542743636354344417767546455541550444364554335500031724442524
7376666140666775154335557771472227201375774726366365353776273705426641116266034772426773005744446664
0205536612225516623521221544413331515125136726321243326320722605224316445622445532630026627522227766
0322736332233310716451533650103551154345661554015362236230254453351334464377754043252447507212230461
2337273113335003756773056775555535513523776276776773226007575626664146461502750355617771737513337407
4151120121342013336267205500002561342423001202317530532140001100506100525147635345362261535742612640
4523046366162244222402063104661732260023101316561704734041123127442323132604274140425613103136213130
1215540003622732520004423332746750407201736662326314435552420531436533336666535621300275506021723330
7024004541757041213315513373466560404654146662635533655557557762545763336674010444031254447544653334
7707774550744131551131527776717574403217736666366166565554716415660373337775645624416435003010363334
3331101212241536247773216205551320542616007117214036536102225636545310232206213333004413602624531423
3334621114243152647777450625556346276550064050136150150157223656721757542011223335441616030556063051
3334262225550772467776400625554063110126065743276774466567771163757735741106613333556466306601776774
1423304035664142323311111720660022272011130505511252104760044650124750040730007415441507105137051145
1561315742157121336714437401050011053340144152742250742302660130031622730702212011434300330405475023
1757524024320405024722543555617416625334006557723022116341510473510430425455324606131111203327440720
2364502543203037311052456335160257227760747664241342635565512153137754206263242654761113547767365533
6746135054043445746336665660776376777657745772744663662775116335515415550774051770741114356206233173
5650001115442223302424420726321312227435230127025513764003332331503015337315533215617665426330003536
1517703116652250734435654653256002254347063124357206361413366235011764143662616547617772543440003533
6167073332625550772330611345613665553776573306131273770146666620516375511076775067576664526460005537
1204364102233224144533324424732341434544141633637511700232474520623231002010036706732421544137041033
0207013731013125760505024737772061305104710016753206144201362217424037220040537100007162445320770611
5745550325422203534315512430215322420611217114424516051721400332011626122020307551320203136046143000
4705552655600003553412120647554402441557261772220040764566404454426556127453434666053224463347250732
7505555636770227771435126774475777776066071172445517756071665660141626125740444175460336776063067730
4432603733423716432037773217234624440544401534121730001715435440316663117726434136743335545734746623
7550646165102665654457772532750154446603365432143130005555645332747765756051265767066366164214473325
7376427716475573145667771555035634446546774777777710007711263456557677736514776270746633775474770061
0041043200020236052012624437701033315045114440565410402650044574250315130354710341600461212120752423
3016552210234607530152433011032505372040714215416101713464313002235041047352474016015401052134601523
1004734503505372517636447775412224005233334722550227127774141622550200700203120412171713742710214442
1313247210332200023667367775145330043214446352756601667776610652720220720224503435347725452135204444
3032775745506141557737377771453554405156661062777772777777775347750207222006174016001227733775154447
4543530202221532114117707435121744607773127022430717033731107211427324217544644011326741633011301404
7564654022276761720405754060135033767771236547762025767060104127662530344554464614757653442547244262
6712464247774707727770506276746221477770663016517716150767774070735703554776646776700526615774736773
0031627701035723645637040151272421230633153036650214254220402043323504473125776401467142536441221026
0511223540312442744145050215441022314103556741001004532203410413231633312055442376445600111352754571
0002001146613325444133314444415551215734531111724022725550326633726110403336527422110003601112622101
0004025451116244544755114771505562407500613135454137275667744731061764703336410352640002161610566456
0004426666164605545373557475666664773075641333703122725664311746377767473335045174660003776665773470
7220322114030106717656532004102520141113626663122115441111323071025545615405355720114344613303602401
3351445337560112765622462534015664102220646664232055611114754255446424764560463760627114145756444262
5173550256270010127271773551040777774441776664665776161116046125666772756776776536267371660771776775
1125251213562066053342137022732003412546450305423240753551406476332631162036212600642555672751206207
2013252350326131126633106223015043355731225616512441464525522336012306155213015246225302370013207703
2141232641543627620005633532423733012124112417411223733432246321214335223737502506665225726111013612
7054247461755762061112351102223371643314221527140132322460045011122046655551237166665337064645652231
5373772777741077702222665664447374364440404051743447276777777642212660607376246756660056140603366773
4631312317030500106233311113530230320416620405325025006054441224435236335551624445751421306700345001
4155443122630501733264143332413151437715240045237765057365453643053564417775604445576033140662452222
5620352316725503777770777774525664664335414045236310502475544365666771665755774447576774660775660554
3520553226570536036102403355266210302750412550301443337303137344622113116041040053710203331745560545
3676002641432730252500211115041206021360611251533271173112233033551206417434336265006400002073127232
4540602211200005633726441527155741511114541117323331406751203011106013721301651103025544111116720721
4547064655750557165150333603567465061116541775533437250561306256016714517667565505344751417756404512
5456775643735502753276604736706256771116567717724446730772335360667076055757715104524771445754176350
4501217430546552222113621225422420005556507327014035635517731010505551130374621415545602226631501012
3214424757211152266401213317764246005556503731057747630532637750526563444256444117763526662344765743
7661425235476616664623664446154226665550657227577037751036015075225665556112624146346776222646755471
4713050630516331031303141411401253735020143404534024716005322202455151154030571627005120530354112733
5150163275006035000114411264732471223127200775751725504442161247000122230402461002000051304255405215
0020726542427004337560217326650612325411111737331617140306212427441612220720631631523124757527743111
7737460051661113444461544503731763440762122543773637160307707465710222263755464254677106566417473136
2376426464777703347754256150577070776572216017336006403036546711576066666142775603003277743004441312
1436617702417332111102223533222623302225505626667442213227542433315546644337555514217411705433306260
1437160075247203620012225353507610632220505626663345157316126717263644746765570466654414256066706220
0557177001550723060102226665661776062227776116667377777716576476276777677477756770771776332777677772
7612321046503271062630432340053073332360171532242555405703064121027625344021225301131063762440726036
7623125312114155307725741164301465023041226506147563566710400101200160721010443321446035147022216614
0403420004736431140000104441610213332222421116666725744151621447727723003404625340101111425340053734
4400237074736507460067734441165736362226341146663160663764603354162050335541356350011116242400551050
6664407700701777676663714446165373662226634446660575746573775666045070031777602460111116615776665711
2530401715226632227224214433301126100232210235742635645222445423536121114642431020006447731411123334
7660641112250652223740652150033121107766554767527727036255322455743531114764534750004463656454423556
0576647772553052224307035775553326066450166474726736756565530772745061117765256330006646155607775352
1410024101221671611752564761155203277313340222016415640133320102001003617263044222552502065536350756
