3222610203363715474234044437702664221030223234612237250441050053032713411025306334400243004773265340
0216110425326666642111305527744015645330123534221325630225550016024732272403127414533230112534000010
0211556750766665715722750765267265717053555354505056523035551442762564651650547564512045332237552213
5556566756716663575076476176536746700774777775664773266665555557076713107365666500664555055537473335
6251237027624322232126421100001116722554437114333711324440406324432614005211630533330732507666662331
0365766413417054033731600620006163701461133034744142344454402135352714602154545613336067516777765223
5776573556076174661775772660006616136770777073777734665550046162666076466665266773337374746677675350
4741076231766040520272303151103313132207001121051751136066020607500407443551666271025135244653054416
1152166131370653320244351175323053137451600756013511547150174461215400143245326504024722505213142313
5320222123431735013221510103115655043332007543311104430225641110200105323211513334437231114436122231
7617755441543661756634701005605567763330025433111005257757431152021014503205764346555441123007562334
4055445155777710772635471105636566543332203776663333777056575556662224663016703446775702225552577773
2633534532224401113332217552346604633720112223525755720651424413332325221727555641500205133433224315
7723444636666337710003116465766005506367014225725750651267553657374347250556613617462547653443323760
6375545617776771776663323176577774160177074443077576714774705627377775772717710776574556733432236744
6051221371603274252030340267211351151273331001131315246210502145170145540734542561707122362040061405
2402471212010410171404101051037124204442455452141003633602714210317236156045163246160103371425017723
3630716605633334330001310007545556333024500313647437762442523016554644625273637773123324222536612400
6551336026253661540441130662455557763421711304556166166352252125761166641605707775304741545724143511
3657070220773665514043310667725553764775744446632471175615523447677772004136757775661071553776147663
1217525034320501112127773322334643224427544111316507530500415541412634523510202203113234030007442110
3216103053460551114557776055445502230573764410325051540051436731747414625312207661335444300406601217
3233146666777771114777775615526062336136507772776064705503666704776745610664440775555777774447072125
4016104310461231174021535073103161053117607031077273013002564417355142444024770060743102533132266544
1207305216142150137061502520240010563532232323501514256412512125344001437633624752113615332340242334
3422544013112206314225517774445402207426621424404642313216604214742422307753424442337215020121204746
1424651646634344255441757774446363026363230754502761231500000124472245615553526641627213713754125550
4316776777773667602557717774442770331076236335502770553256604047472446775774154666772175376470447741
2116664442225757210541111115534316436343320705031221132106664431132547215122525415247421644745031542
1126664442223262017655441113353133044347067073505334133676663666657566054305256456653756144471462664
2216664442226737076475451113354416603666710076665514344556667776536713446776660162466101467746770773
0334343603015450001333703563200052406622614547210320414661133017242537653563434623627511051302674004
5402117306727443714025760113212143100215554050422040260101631354165244043025257516174165226472432127
0473330000000003332110126747201042205327700006721416437440413336661022223602632607331704431723204120
2657730000030223335025546646155360203650070053461440304443746666774352770336717152754253435434036540
1327370003332023335504664773246770021620705550174114667771373367766077270665753462756336666004245262
0322223723226733226016627330016723727511111534412225514015522132406426746643111602216525310101112315
7035655703225145042144427766617614240751112351142221013756764465454247204745331557041652500416615054
2776565133236724534626116637772713710711112771142225006222706772776266556775156604174044774146163665
3230343333503714337233416753425210333100224302243240265460014276013107465107202577203322606020744203
0134146025067323631235531145113505021645427376031016140202426363002615400741336726146221022301614120
4312477322727776623437721754254332320511027213337421122224525745551415220005201100501311113522620200
7065135641137774243440347164253346354535530453332547557276624655550402253110254405501131774712667750
6476206707377770605554136057773445164313776333335717277725046715556665253136666660501331776002262750
2372124701105515527655116226310547425215555204444526042720004132666660732422236645556006611226661226
0547760446107151765764332265207664153765552524541663711065114052626667640006554556560762123106661434
6116440770661776707004056626773576036075555005550776576715155777776666244243663365666776003666664435
4640130343044613232114313747270330620775131411313563551113563766504421011200623625315163030320173301
7202240010373000700352017263217531310760142501005001000403100137330225045214153333550035465443657202
2322036556626330006641424320502334016544731340661317120324415435441113330612702427553013615403324005
5657564464440110005146033245760553766322730257406132757451336314451113374656735425753243657450543333
3606741772626600001564636667762666575777246704776631755170405645541117775146325457754556510774154406
1114136557027745724316215143657320064437201317425743335512026721764641713425720401635510005445116743
3137546453231352552403234157535106117367207735516655531154762166163362222424604047622210003755244263
1335274647705242773661606666776417776272701733702745536666741771770777174331346665476660000374202774
0515770016033075151022267530546251110107025437221200416112124453730326637045165001576001742420225444
3522406224064713431527301162160575060627566036416412672214272221702420300100422341456276554511320124
3330325326554530342224031555221710100304705650301477022226242535526535503415124316541437451215312012
3336627017464624357273757162252326100334365650330254452225516503137210752346526145312704761621302100
3333776454775605667725477675523706165556275660036035172226776772516747072776770636776557656625057775
1530505144650735432224724524337333626000421724213407403323537531645017325557121314641134710115233304
2400557356053152502227465410547664650007246351545422354643655166346362165554303446643137240016740304
7666660474065174772226010665665517016667700430525666116626566703165776375556556666447777217776705551
2204205470140726544405000112124132100533604733044601701240112360203030711021531335411212251176502000
0135155620423147544040015637235622224130041152143000770011464146652515411305744102331005012544371255
1130322001414436535325143033520407252322421024640430004724117413616477366217530610023432521324120322
7552440221445655763051545547105403167530743764463707774722244101035233061251660655541461103026432530
3773775554113267732774150456445546705170776744667470071716667076600210775602476154256775661442635501
6724627742737415423300414410326342212421100125505041002113023307744443331543317031213016434445317003
4265540047655146150034712424762154612740007643637764115523200303346653667457163032421766154445147224
0476627046407570634447071216710774604771106746776520441255553001175656361776700774416735404445432706
2720203537101321602553134620432531103304552470323031211334262672041011300340410046342010545014250002
0221067062725042216715202303154061046654031221540012252061126273341012322115120673535466242422150522
2413024447422344416732221323735624312227254337774024444320004440733402601612217342334137532145522224
7044314444240751667366265677756254767736762237773654444520005556441463631612614661044757664266762245
1274774447726117772722664305530066073735724427777414441530007776276770261666613774555375236770274445
1741113211315124432376441526131513545325317715416552226324321513307530107533004205732113327555334721
2661114455756043435017101123241154534437531175042722225610155513000530010542222335611001216563533053
5071115773775637776406712554065157772550711175107672225045661517777070112743304046722026667675356137
7133272131634150161314125605225660702327033244346265142003423261010526125226321502012004750006452540
