2430224130407105226045161216012410511330462720003001610160500467537443520273514241566252145234622052
7521731710441100132225643435502757335753323643724124526110000110101477240703532225442236321711445311
5063760330743303242222705745606363735557664310745742751612027060115307166661712555443447617763055767
6176442277703014552226757756605173777772711664315071741662027676666226550775705255547770736615776704
4754411112421416543510111116343314571421111722723715552202721021410652227510006534432320731117625555
1657551114234414560340731664766766210751116354156165550027721244765332220052224153702334431777665772
6721071113431412774513776167371703023661110345473075555552724776076062227713333647703220777712277573
0506406600011055030752332101745311257767020720151030321725540032231353024547103612303222012734067435
3611216100133060124343750057500242635733365326116271070475610365157120543561212206123162054414272212
5644120322531713336532303212731425022477302012111004526623723136552722002321113431324441216420002216
2217351357567743332653650051650754572352153217330511504053201004762270203231153447454444212447703754
5645075666731443333265266746575476136016143440271554775317075554777272207775554336704444246267075372
5110423033431523532222322303620625503223632662440304543314332721103712222227771005231727631724547624
0762437454645603556653321554461467363230764421253003761747761760443102662427771664067564434505540467
6570435476366777775655553663775776177777707775660336754706046337770772664447777776776046706334451744
0256121755234132243552545202275413160134005415211101437660316423025701112310510072224027353220573265
5636534275034540103450100201330304205760055101312347611374460520534070020705163120421312130212060043
4703424550217723023520114534134227746627441213201045434636640306124221104025443614531212211605644602
6566134454402665731134045212234226644151112302323565436700352234363430107767753655547223445566456041
5174067774120075170255554234772441717307473660036772662575245550774233336411711652327173661775644066
0100006667522207111116113027002211412424012524226131321213532052525030306123741310542111116743756231
1624046664131131776556161664441215504766144542447162637056602050335763300751143635047761112707661452
6624406666003551176561614777076664666076065242423771665276506665056720303417731660456021116515730470
3711350115270340034114075333172266533103333557434102406130322060355503333500247175261253533074122127
3370502311200630371611324002560200103254012115042131662450001060661206210130531101626452101132416367
0523446212113335550505535054104637534314532641122224335027427735147533504007130122546030405023223360
4023252135626365550507234160117161355264516246762555453414155456761313030002767352452250541253223761
5455663605603665555054746774402477176773771617725256667666304325377570554446406436665635541773236774
1405744421525547420000730003420101315427743320315051545321215535440623214440504645536231324206222320
7255206553443124425500034337060003312142450552753766451041223134452645764447756721445703454020337132
5374272063504667275507374346711111135512572776446726166773335115544336474447507725136476074200661772
7020670303561360377054635110101047131110452245756132237370052264234214014770105256542014321603513460
6333000315310053421455663411606457354511440474214354027474321413250244600126440233061700121210055240
1525742755550337333546334116213336010005537665221115654446635542732124414323226434731002223432115614
0546562665554407377302243700353336630002616667663135566644137006163005117016233544061002661411127461
4662735775556663375474614737443330310006777775073315664666417474573134556553665606720112665552213576
4100003613754204320533314411011604425712005210001120736055510723326546425755745752615315121202542320
7250004454564350344543616612436420761750722440005347665701224351755361346167356562553102150124652331
6370005626745772773056166143424126277157271050006075527671256116042773601774736770615507774446626667
3231343200154234217375173541265264604172315205351131602122715067430240350430565102352234720733655123
0266510444317212311740251402612035365013654456611624224674617204413017204775110534366404035726416200
1205550606723503127434540043324415014445451324432717341712521603324445003114523433223336034541426660
6735550620455502355346252244240105101114666603541215067172553656264477253131544206365543766157556665
6375552626713305665176777776665557776660775775357726751717775130777772777770211557774450776160376660
0403410415040305511013212006432624122634017345231416731624421337326444623222435041310006651716554641
6451403255274331154437550202651154333644035655235444506255426655616115503326553612320774400443314460
5660345666314046663553072205406561246243146171515516715162555616077774625554065462317705777076774665
4435045212717220326046140715146500110324047020621400016717161133421560461004101664061022413014213553
0123503637230350474561452636201275474311053135046143120556202236332253034440537230715201023546322031
3224335557621114140620524234443613207623112701407116221002327422212355721322331322303423333002223132
4533647571265553263514376764440344036254433356251550006115757741066355440547053646750173337232521044
4506647757171156776776111574444614245173415277635772666067732246776620276075174601446553337275554663
5333525622221116342470210210574635740207771231101541526552623233332543425612227024425640131111006660
5352434652225110251532641024217266162027774757706206046566445213330563406502226136166352571111016660
3354510312225555166004617776324075475557775471075646775650605773336772556012226572773466541112226661
4621261351317723060010415404653071204061241472325503133121704400165704441460121340371624431402221304
6253123430060774301602013121376306364367202602426615106203654125634222002520241025624172046440250140
7706660514433521006224433302307725347774310020004034401330042524020336615725657446454321116346123475
2026777143764717016447337037742777217776544020066716607114765764654502221713764470361432223540765011
7027675746276707174264777704132226507775062446666477777736776775164556112757737475772412115603476226
6032223315444111114720507332113717710613705547120004643416264504006533500744446664434136743510405631
4762331025454113134755503774423766666334757456466061107642267050406455304354446663747313216154046353
2472330236664411337256667331241677111605414774700666066277774774402147775174446667374776570636665362
5533453363415561434741371612031037002163537543413602742152030125441102167131260375124045723110100231
0271425463633350001041001435375425205102706015100015240034170233240223264141302433506171340200000140
6442756337744446424727226625435730213001317773333536446447533637403110626300116757051410737335537003
4767066336766661424216062553540135760631337773333556461307323665231334423632627466364140355553657004
6776136634337776167717076522255716756365557773333356446772753366414446600600667455174115773776367073
2724443432300200620003125731005532426650006127636126665554720421543321440735211332227131427662515005
0554443434766636053303124161013607145560113054254726665553151752664043055361526642226543057660500052
7074444346752636523305556075556771775560115631076746665556305375772775666575214772226077666775210552
5202104240010512730324251224757015424140260122334511734204240053405032610202361437353273172271702202
0320743224762002102513314232644056047217121433015350050522534571022251455254734451464056336452701244
0000500037434327445112225331423213025552045323434221653571111104430713634324447144103545734207525040
6665052451240655562002665337043214656663155613340407162012122017757724157157747554111546465241307637
7777776172371776715526265353376665617777663624437775776041222025201205465077744174002770175056146573
6517777335504235627744716337231117530007424632342722605041726736610522436636330320006115225254620001
5107775667662342766565340640651111660002140715765552766453737564717465406336726130065541542163240003
6607775720777775705015270464211115730001706746752773736061270420476755777777276776664605146770630000
0701133204466730135134420420127032125274420301531110317230215043363056654111144674713116360743512272
