7300142276261120020037114245122323003034600603037623102512140217764352565262144254565313021210173405
0751115642615444334727042225631312227422407435411410124442145421321111427405536424323431220201614230
0551115742123657734505563237460304245664507266251747357474064524741114062353336247151106642001613241
7071116706163667445276272332176664425715526346777475474776771773271116776123556425704664610226616665
2524631111727027231424622131217721354631112200703216436323312113621512307310201527110005324447624020
5223444146652147236457614232124546157424441130073021732631631220242752324250223322330001054446033453
2556634415074172733700734412115206636171413557703106746116615554360270030667775662070003664441575665
6402060256411503270511470235110222332373510641400500411030771605310310305704200250732266153677534606
1363200126564161353134032532600321043417175603612554030200326754123122241265232231250401623376620223
1644327732420605505416661032505445527742112735523601622505444330252625214413514444326227023021123115
0547053553432220006766663162337262537442041535724415627164541546054402751746354447755703152033231130
5616311712430665505076666770556751134474555277726776516735455156620661777711664446016576404447773134
3325735027637657525322525557747220001414223533337653120003332432223335555340005420311741301226005250
2757167662763766561576545577442220062424715166364144600004545454244345555663333712752547157446707765
5716051742733507276041647774747776664127716773666574630004553664244435550770305475735075737717762760
0277630020215524431302174115410602533016004103332340331534125601021103302524730172421303146005350603
1653103321471441313033422500654242570154310775412371511247160343744610001626025316243264711015623102
5137743304521165114031710002220757425233123111644541115045744323335556545347135530331510630001236126
4407040634241665545167176602274261353564404645545545154056053523357777764657066604545557565007653352
5664006065257771446777116067776176706773776366615445517776375455555750516366441770551112575556755064
0020321304316145413702114550721117761022110373763223337771215033532722130526401220732127777667756730
2744573315600145402342115443361713363655525211363233337772061666757224754156144142466337777664663361
7476111006776770514172217776177772275641526247716663337776774776277276024660615556746167777675476773
6366000524165630031670003014674764500376403643630301231232044312177050706403631712013200131733465643
4222445542440725211222143014204704310350332532304117511470662450342233421242615200147467702201772733
4006624432403114301153026734406625336443546046026214543224272532406613304626553645657327326111723736
0444715224261333036565474404000706621710561257722135656341507460427114030152266346654051541611127371
6662745536775550447776136734002775627766777306333066644606336754026774407130771165656716006167727330
3730321116530635624445422435224215551212732115506620521531330000412322245155227434737750333522703632
7333411113761453034447606152753055551224450205333702757407760001647752647763435057240065753524120220
7374661111575645614443165647576775557775373330031477075746170000665036461674052472736577076664716060
1713431567010030304001500534223721145510000403155064541652161506474646522454713423534562241402716275
1306433020251621312402322013037022353111521126517254401450200050102101745113560164307136436540010473
6754622434631417345644000221013412223335234303736253657777325541106620003577633312435031715211321320
2365454757463403346524047337011132623330231135755257537775756116017760074216737157753755451654135704
0470165072713777474266660777703446663335504042276626777771406460662277776027365705407704700624426741
4416532446011211516666226664210031314400030110727615714531424110646613626652511614126656666035007552
4616712556750235756662266667663742321413762245137765712756354414351613253720126634515566664267257363
6610757771573441776666626665077471230107674666400011571745601145636115061575050305527776661777726302
2422407542340510221355117111361031530224302551305644631111200673100035354201233371504130151214454645
1177631120411327615411006001744132127643347250531321551635521730421070761516640424705446157066537434
2425642212710545425643205001320723641221203324346432310440634333352321607231425552521211310630003430
3432631036263266165367465654653444636561207000153426753654253336563442627262125565550720734720224335
0045773441776775771776746600773277775772107725776626575617114447771660166311446662220770776742204430
1112454743707742331710647775544105325313422210611305436212225611314430264222121217514434746405544445
5156307567305542111717767774113642230134753137760116242613334631133750264751052217261232664337764445
5156776530737117777172557770056773550555370777100335366003225773315777775175771216502662776606414446
3737010311406350413512235640355246640040426576602103401437060521200022240506407160233603106450735005
6001301016453446104234040204451032470426454231010123114250571361231430175351203361632341036347632614
2226121016212620713422200006723227106730747732044041524531327232625631210000232527134333333210604651
2227166353574554643044640000733327017515745255730760233710571532665636121106567662665343337665650456
2227275630544066711666600006516660176247057326126773155476545707773652660115771755745453330730560662
2010105557331423301715620721621223731652211213744000037553223521432325550134547336522226404114406660
4754405556760123007021253450767154646345502315564006556662330342553727752745225356424443346440546774
3664115557004400302076616113477756700771663326714406637755554154667377756557775775405556606610556770
1224446204032175232651133165213427215522756070010372016713516202111302271704070131346504322446335214
6037742702231264347474435410053212357604723156465500710575504410624311062015327502250642111004746364
2223315320750601115553334530210201521112227537534646123632023744444646000006653530223002102220302121
2221131125766016335553337663620020661112227331536463453365533144446460060110213533003545522223033547
2223113550761616635553332173612025771112225571774647606363777174447776600114775353325455102227774537
1012112630535527424132410731007625535737642724565222203335470125651416632402204543107547120325552625
0012640714434433653466767131651266427651647445462550507771034655555443364022005651440653465415550023
5554066755773010116772471706653371466027714727776662553376225466665513637777774663776176707665556066
1355470420003562130274713064413000425706245351245222272112411445500011020420400714642202131022320216
2123352356202354106310113165111130520021202234053417446033552032220235473400012520337342356561204401
7730001743331016515030041423233717647510205444311611003115457004334316031636740122022223314224531525
4650003253335531653507341622143762265701110662540555014134266667457556456743632104042224544725636475
6020006303330536156663776644776017470170225775776775514436777705070745240754774445552225777470463003
4635145633414621117434041723137000624433602733604713424633111721633111247774525640727324325626425006
4634513657467051113727665644140073453766227066031743233155043062054430357772642766335351052053154541
6437771446271301114727076705557075616273776450360704245644356757640045667776653756171075776600710451
0717022207203055031140731165053142732315034010211220643532106046336021515730347334505673624124401204
4122452422242400421522311222275416171524051615067612113623040124273145002000342215116512214435641244
4005220511000127541714321112406662602426760400305533513525541212622333225746327340704644424701614520
7143433310015635243137143334026666635516764000033353112634006602622443225455057354744463652760554012
7714055660117441707730377772406663024667674040336665535166662776620773324771645470744665066240666731
6643322521543113725304534124710521724442205622226516725001324547017765221427541157424420705021311411
7342052251755444650337263540253477544460527434246410350554574451554465347056651650357760751543444332
5755662550740531035056710536436155036665501504245401430506044557076474315472076656416107554217770660
1702313224316315270000242765375750032100317554230050333427155751074373223665202373433101105035752010
