0252623122435303046477401250654404347423123416166421044110514154655360734263057734603630035321233243
5655421625326414307775231114447053357205044200007724500440017120102172300207555731516004543442633222
4767012556251543547776251114447361152726756041004154117063132661004257561216764350536224757557361511
2176731661635065777773661114446146660706376261115245776774443371016306710215670475030267753772775354
5441614012733312520632376553111510214123133420014605114742232445653604445004312123532014320441733435
4457706743747152551350541657552222013765510164747651653367542753306744445607257665665122745706766406
4556556177425072255166216117375153336077776777714755666716017756062744445666021777775770375774426775
0242312073542251622275121600050042242111771706326007002037401226154302070452234613302610124000414201
0031515603410146220564537116710560317112643427137267655211640667354055165260001347137226104541244667
1314222613335440005556761612723334111010113026667136221634532625026721403525235557364435004434435520
5513541333331514045557672034047377005352653266662237567461042262704357254344065751367747357435350042
3531352063337774405556673260773774773775626776661771572755776267750145370156777771773377737372662541
7116632224442225531520534322113111631501715547527420222427047653417421432526543304542603317627741520
2524343334473327267602231554204642754041447262551355452244040263113143412446351246567511315524446403
5706007777772336716475504774660634065157746732776014664420771733443706665453464777776576666077746771
4630776234417321034353003433520047330001224542023006752575320331134043145025160276651250132336213322
1032016154653540501220261003406142242543112024550541024502624335424436134013511014110731532022102003
3332126665317736320127532521001305553413005413634634404220322027317321326423125004532424530743634533
6366127776053447454350351531012556564523444654420450045441435021760457655357065006516451437656334232
6636616671361711065667703510103776655667776616625264005524665506036310444166730550645615156156365772
5737720504113204443224324432221105424223105443221114005322124537103333332757770300314135030325553301
7663236154007454643221342762220733711413252301341210447253752617713336365667774302317351765545553007
0147111661405476662330556712223775746665665664772227777735377000103333667727774340325476744325555553
5450450573466207342070620031370071426260001217526060047315100226301423254442052542271004020165211206
0761322251007333165271220061002330564403073471142305644601305032350536612430122354530413121253475534
4215437741327001110424513225540324443330171117446662220614621624004543122440754112524122311110005725
1424052454050071116763755543616454445553451114757772221766214656406713603555053224413243557440004154
4001775107667071114173474316775644447776221115576762220774165046646576771777073405513662667740000370
7641311103024324534241223442220004730011727716631017330436121233434441620055021656142223630007113405
5623400301352435746257662322225545250113351717336642243454704235544442337561465712552221612025047760
5700441335772437736651775552224454706666047117766407745666754145004446166776777764062227770225746247
5073411526143434136251145017701617367112122721103051600360104233344614400022050640716475307027541033
7340620354202432322140004405032410536027121160120655110174161751432410415400253014271270260503231433
0003023615655550126527227774442241226001533504741015514247633325313654420114442227515717222436266112
0005756616655557451702777774440045746010667464472425157555652632076351650635453236611757557665526555
0003271335655556376377227774446665741615776277474401117273706266042775603664552335707513315717770061
6554145156003310742105510215511527611401104504111623551013111221415222220423117646545434543102202540
6656764765653115363547514241555717566350017661143753766340633643337554433151137065456152651313037050
5567176275067776726711771551117721755644441571440346774366064634147723437663134074664636770036661745
0562721501114412540133241335470007541162723643462505005052316515042503527725340405304623104101124131
7404331367753271405346761316360447074245313105451113240006710622461560143321033430246773112352630371
3115630003304226134337746432323226666763330213314742223622602115531735422620000601413110007547323114
5341257074436644723344243645630436667263441027144662222236431213334051732260556601441730006755043313
4504647700042466744437227775604776662724345554706772226364132215355746056260550065557730006236311312
6527630437213330530002345432227643126220004432511111113334232434714520007437121215540200202712612703
6513111650363334430033452076555545762666604333301114445354352530165310006043540246722200427132047021
4036076776733330553335666016656376572626065552511111415355774556740770006176004556744442443024160275
6620557201315011601421104431014131021351065444506470440120012620322247310314315561722167625156705033
0721052322463620540305411220213605720271051300037452545225215356114504764031011000223352451161111422
3542724223330722115512220600200312424612404116660325645621441323667321430104751415124726543715510021
4352223133777331225224447660224257411447634546663503651305516057361056341216367435617645763101113230
6667774143770273330106667072005667716611555156665524775637776773776406162201720736266210477071557772
7053516226721732406641113156520437771212005211620622700326341106713425725503730421331702320533224053
6764566556706445544441114561734767771620224755767150250235650107663211045705566151552265230356736456
0756775267026732054661116770746377776623330730574737574440775551714776737076725636666715536666706062
1143713155353313306525140111235266112734250404162214040003651130076001327122700251412052210232331003
3351343341455535612320320120407543620607004667400522146302120316037000647043032074701626750327365513
7052505551215335216111625014403333530543606664031214661320026136663024003216421116033705733520202734
5265025572211245141615371754005535446504266666243317417652335766662340000217051137167040563232025541
6725207771124502451660457075555531514661776662362327710446662746664554443553143334744376712553334702
2203400620506735033332423705330361616443126742725744633066631017113036124274737622226325652227427120
6067767655337105633342440305657361617640155565752657507363055537113007700654621125251544722272753657
7776413140356556774442427376360776616776470711176701227705443507717776353116736075527606707775404002
7607573105531234341204010004550001143120045160053415613317240224453620104000632210310265160205012623
5730630453251243205234217117645522406231302407731405326041376332715760474316242243273371441225224314
3335537330002211705410325236324625543327556422242121112420630004416736526227330106442506410426305557
3336405560331737025315653524154067001667762466641715522442350006142260253644740514334676144623305550
3336776713033702714032366660172777472776567777777275227775160006167376604031175153663510066770665557
2623414442117226752540004230210602222410602540332232231024211724431743331627427323425544216727734741
6657265454026665300752026640726064241407605764047550035762314665345463332543754157501410751533373364
0056075454772776721472020777176004242777676176667374446573404725356753335645016016146666330457337675
2666255041640445121022335512311114233121060603307135420324223325651202100234031707600723155150070122
2033700322111011223745120041161731521264566216712130452713412415275372270643472260421574414014217030
4445555535227110006427230716111730012637020210533533501434022212214446112737723422211420304020005320
6555552322557170031064566717663241443446141201465767664052544111216660255562125576130553034250076753
6655550772251713333776070677174705552666576666776175725665774424444465626171716106633666665667776701
0007100016126435536025534407232201614546744375437775254401423632421115015551134024326436422231327631
5557011623446443656413756647162006162255562052767772761155305441741447705773132047452641062335054062
0050716263606336634773770606456661166664776136757776175666775617714145715775557776103774777773772573
5115406012153501537630123417103565200033500252646071430663433530316231147730340204065210404353426401
