0460655176502562150024374404410426241301232740021467145002553111132444647660307621104344040065010305
4431702544407736543527420524722422522516134021625546102333327235755335044010305531117023332407225446
0257447051111761455230562530755452650135765732552766102551426563067357456140332761145633333647354754
5772121730041636166666170535240666563520755716166717776664415716277757076770036074441443332365307570
2220404725006110302444725627331232430730430202323431036313337556744721113335730030215532401115557557
4444115610053130334221556727664063023555252026550701644145537665053101556663507136753225317177775770
4220410335503666666664720753676774777074660200367474636365357656174375513637701773445117661775755754
0723137305100234720323050125260651431121304225225025273104233501664001410742444621105555403204133260
7274012157353271707070152730214322542212462524500627350631052221632312523137401742762671534061411040
1036543330727775733430300317026225657545722307420536143520221732121622113512217323300000003534010216
7467563776567773764657361531647613633451153766056506145730437236647160230651444122620000006756252014
6742477375717776515167765056377177777730276713716360061703441274772773661637774376770000006725637771
5642730541713032325025044200625234034445043431106324541524006623421411753434535124431401600015117322
0253206567667254431335634205723757664467563445022366657664600342430040362240272662752751362015152751
3167702771765727775776774206572775276666176665251770060576641772347776745556155776106323771226665733
6556256030414651774045473472210224251747501066001153022212221125322315021050056463636247434103655156
3262306254023003212450223022611504512106343235110373271331410621403522012350304510123003020206505542
4020507627742622225015320525521200204445435125440123325441001317544644537006114443703706033737144040
0752020454742262443317102445226652024441344604554451126651105306211557457075054442754765631753342354
6135251034746264425505475502255216664445155464455666663366665773006611077004644445316426057517715665
2423135757331310501341116425653536661432523530000726147200033333520651535654542227430721700501320104
1641655553373412523461110155563356665647555750007464616263543772342252654644542223743567010504546111
6615067777733445206771113715663556665637273770006417770775453774156060647774552227436717105050350660
1246413141111411451123260035201152174767114400253040353010477325133511024710133203100551544610361603
0403266274014240227333435121050403607551660511743061521043427353522567434132341256737054044624075331
6412220521672321316767420604401751115533143334321017023622102117214234230112313022010502225422610430
4052227250543233756671464040046561164420653330757326157264455221256464062243122731231152246251620133
5162220773223227577676704660047176663665463335473723400375771555700776774773000773777774446466211444
4726736424411431703624135340114227772327636635115656656046664320210406665553335740624441115621502745
1467463051647501031120546202261217772322364252225564656056663327554406665556334723036661611257267553
6070347016616227736635771776771447773327727105516654454566664244744006665556667256626446666616742473
2037003364046340021101200144031412120225133664146331376600432057330362273133376535544615230067745532
0130560717566423132021573305264401213043334136010341751270577140333322302714773225740472623030012264
7424760607620706460220312201215121117525517565442221201505730200104504756232532301113020330101431211
1562466705137704460020634022703601777251115066257661327754760221014400652342654651124177031016644220
6702776776707007776661664407704771777251557076266773307016122000100556734161637312226550773332771441
3425541324435246734445107354123111115552645700321313601427323304730330404332725103436432204703337734
4313766765750564657770523666050403335555145751554436603654553003667144405342220014222434650444446460
0776170571726770277445217753714436665555260703660550330731074441474174005547771550556625460773434121
6164342326016361342306315130126350431364003142021212105714300251202105141603051134232200122251056022
2244240261733064135000722610532112716026013476641212361511100524526553401215465060634270754404154113
5111324517711116636505726634435324550211524433015656345515755732223012642224425436732223744420106443
1553121046121116235655214433667700463347660657414627261447566655225254262232337352632222012750310351
6665555506021110020601770602776416774660475614370770171456670735553667773331411472772226555703135637
0321307037411116331223216663530021523330607327771314331433534434024637754410004406447743731434724114
4436743667411446551214756665652550543330064657773733342572236115546515461200012357656460744254245143
0246757071471442777776706666637774663336600617777713446055256632502776232551115661753374075667725546
5050461101752402404125102152212000133621200135263400024737304273602041235203430707703260721453476323
2770223025715170206115621740415213114600122457211013405616576251570642032240300336420654210751331306
1315155545321723420100003426222453233742603644701001617324425655114433415746021603322325110210733320
1737460764012741571100337012336314247563355524251227604132420055404434553164245615105233532144262230
7736376375777416017773036553666777776511746775176663374076666064773332666070665775665535314666717777
6533224223521113632305122504434446320005023426006722500001621114115557721537543214640325226625137550
5643611640537750647162143462354442145007662346606007310333761114225552444137465044464515552552766767
2416776612505754066374556775664444365551371777777276443030371110555557005456514536466702226006077004
6104010314630604604405477016402253613402131106623711004445403260521525332107556631461174047532511103
1122216534474006270222340243423241110253220543626502764716754762713510635622752242511361517417221641
1116660211113437734715376126002645650405656221317045225114135443625631211201325640205451111112006225
3336775321133542465454206020060763367746726223754115643335064453503651224427055762024546161112325654
1137673513334556511776111066062740777402772665700771645156774555625637774016432177776666611113305622
0005336424036666334200204427557327724111613024136530104444432305535000731724333332412732425343113741
2224402645457677462407227746461352351144646755757120014442506741265517454454743332455233404761336763
0205776003667672747777707223276405314146414610476471104445776576771015436037373335775713556571313745
1316460232022511345137707313046341345123060650703130400503717375120404240700351304133340231004510165
3112401251121631007122577153034063004715132035472362135550100321143446210101001231570003104441225413
1601410417267007132225213617775555517432653700325425622111115555514117776034116630302225651514440434
3446602236267556167277460307775551556465720733742247512221115556104507771543333633032225563434742131
3614223417270757377276756617775551111077677034275546701111115556600557776771446335552226654507774660
3315730002722414007611540001513323424710006733724130322122727133303053201326420002541315535534732220
5153754334644364401767712117556220156707773761714761345512222554406260026055130006073127666621755445
6662444436176775557165742127176366716140703767236074557777774475554773327647600003513220711775434554
4321215703001150475327105741003643332433656424500320503251023014332240437041113144205300462011061320
3625350031054525565334603051026330760342570011452532022340540523236515104672167253722140003130540025
1413424625522642222316757653641213414214741253136445015752226102331716531535121446334071620546542112
6045504721246752227056545115545023244201506256766703667456661604241716256040431766553257055407056123
6601666074154572226447747766635662554105176775577075777446227775557172135645666771166214377776176265
4130306613335116433323227644316431211570310004440600520744123336667445647452102111143337026631044320
4735536053530563222442736745247403223402210004440661466466304446666656054354131114143336455522757351
1773501055556774066663774765776731336223660004446006770774366666665374777733422227773333110776235474
2401453123510237605111402312701153570222062620101540112070172720736160302072326424654642037505266113
